Al 0.8753 0.3330 0.2214
Al 0.8753 0.6670 0.2214
Al 0.3753 0.8330 0.2214
Al 0.3753 0.1670 0.2214
Si 0.5588 0.3290 0.0430
Si 0.5588 0.6710 0.0430
Si 0.6919 0.8290 0.3999
Si 0.6919 0.1710 0.3999
Si 0.0588 0.8290 0.0430
Si 0.0588 0.1710 0.0430
Si 0.1919 0.3290 0.3999
Si 0.1919 0.6710 0.3999
O 0.5134 0.5000 0.0099
O 0.8280 0.7280 0.0000
O 0.8280 0.2720 0.0000
O 0.4954 0.0000 0.1520
O 0.5682 0.6910 0.1487
O 0.5722 0.3090 0.1487
O 0.7373 0.0000 0.4329
O 0.4227 0.2280 0.4428
O 0.4227 0.7720 0.4428
O 0.7553 0.5000 0.2908
O 0.6824 0.1910 0.2941
O 0.6784 0.8090 0.2941
O 0.0134 0.0000 0.0099
O 0.3280 0.2280 0.0000
O 0.3280 0.7720 0.0000
O 0.9954 0.5000 0.1520
O 0.0682 0.1910 0.1487
O 0.0722 0.8090 0.1487
O 0.2373 0.5000 0.4329
O 0.9227 0.7280 0.4428
O 0.9227 0.2720 0.4428
O 0.2553 0.0000 0.2908
O 0.1824 0.6910 0.2941
O 0.1784 0.3090 0.2941
Ca 0.1893 0.0000 0.7215
Ca 0.6893 0.5000 0.7215
