1 1 3 0.0 4.5341 2.9903 3.321
2 1 3 0.0 4.5341 5.9897 3.321
3 1 3 0.0 1.9441 7.4803 3.321
4 1 3 0.0 1.9441 1.4997 3.321
5 1 1 0.0 2.8946 2.9544 0.645
6 1 1 0.0 2.8946 6.0256 0.645
7 1 1 0.0 3.584 7.4444 5.9985
8 1 1 0.0 3.584 1.5356 5.9985
9 1 1 0.0 0.3046 7.4444 0.645
10 1 1 0.0 0.3046 1.5356 0.645
11 1 1 0.0 0.994 2.9544 5.9985
12 1 1 0.0 0.994 6.0256 5.9985
13 1 2 0.0 2.6594 4.49 0.1485
14 1 2 0.0 4.289 6.5374 0.0
15 1 2 0.0 4.289 2.4426 0.0
16 1 2 0.0 2.5662 0.0 2.28
17 1 2 0.0 2.9433 6.2052 2.2305
18 1 2 0.0 2.964 2.7748 2.2305
19 1 2 0.0 3.8192 0.0 6.4935
20 1 2 0.0 2.1896 2.0474 6.642
22 1 2 0.0 3.9125 4.49 4.362
23 1 2 0.0 3.5348 1.7152 4.4115
24 1 2 0.0 3.5141 7.2648 4.4115
25 1 2 0.0 0.0694 0.0 0.1485
26 1 2 0.0 1.699 2.0474 0.0
27 1 2 0.0 1.699 6.9326 0.0
28 1 2 0.0 5.1562 4.49 2.28
29 1 2 0.0 0.3533 1.7152 2.2305
30 1 2 0.0 0.374 7.2648 2.2305
21 1 2 0.0 1.2292 4.49 6.4935
31 1 2 0.0 4.7796 6.5374 6.642
32 1 2 0.0 4.7796 2.4426 6.642
33 1 2 0.0 1.3225 0.0 4.362
34 1 2 0.0 0.9448 6.2052 4.4115
35 1 2 0.0 0.9241 2.7748 4.4115
36 1 5 0.0 0.9806 0.0 10.8225
37 1 5 0.0 3.5706 4.49 10.8225
38 2 3 0.0 4.5341 2.9903 18.321
39 2 3 0.0 4.5341 5.9897 18.321
40 2 3 0.0 1.9441 7.4803 18.321
41 2 3 0.0 1.9441 1.4997 18.321
42 2 1 0.0 2.8946 2.9544 15.645
43 2 1 0.0 2.8946 6.0256 15.645
44 2 1 0.0 3.584 7.4444 20.9985
45 2 1 0.0 3.584 1.5356 20.9985
46 2 1 0.0 0.3046 7.4444 15.645
47 2 1 0.0 0.3046 1.5356 15.645
48 2 1 0.0 0.994 2.9544 20.9985
49 2 1 0.0 0.994 6.0256 20.9985
50 2 2 0.0 2.6594 4.49 15.1485
51 2 2 0.0 4.289 6.5374 15.0
52 2 2 0.0 4.289 2.4426 15.0
53 2 2 0.0 2.5662 0.0 17.28
54 2 2 0.0 2.9433 6.2052 17.2305
55 2 2 0.0 2.964 2.7748 17.2305
56 2 2 0.0 3.8192 0.0 21.4935
57 2 2 0.0 2.1896 2.0474 21.642
59 2 2 0.0 3.9125 4.49 19.362
60 2 2 0.0 3.5348 1.7152 19.4115
61 2 2 0.0 3.5141 7.2648 19.4115
62 2 2 0.0 0.0694 0.0 15.1485
63 2 2 0.0 1.699 2.0474 15.0
64 2 2 0.0 1.699 6.9326 15.0
65 2 2 0.0 5.1562 4.49 17.28
66 2 2 0.0 0.3533 1.7152 17.2305
67 2 2 0.0 0.374 7.2648 17.2305
58 2 2 0.0 1.2292 4.49 21.4935
68 2 2 0.0 4.7796 6.5374 21.642
69 2 2 0.0 4.7796 2.4426 21.642
70 2 2 0.0 1.3225 0.0 19.362
71 2 2 0.0 0.9448 6.2052 19.4115
72 2 2 0.0 0.9241 2.7748 19.4115
73 2 5 0.0 0.9806 0.0 25.8225
74 2 5 0.0 3.5706 4.49 25.8225
75 3 3 0.0 4.5341 2.9903 33.321
76 3 3 0.0 4.5341 5.9897 33.321
77 3 3 0.0 1.9441 7.4803 33.321
78 3 3 0.0 1.9441 1.4997 33.321
79 3 1 0.0 2.8946 2.9544 30.645
80 3 1 0.0 2.8946 6.0256 30.645
81 3 1 0.0 3.584 7.4444 35.9985
82 3 1 0.0 3.584 1.5356 35.9985
83 3 1 0.0 0.3046 7.4444 30.645
84 3 1 0.0 0.3046 1.5356 30.645
85 3 1 0.0 0.994 2.9544 35.9985
86 3 1 0.0 0.994 6.0256 35.9985
87 3 2 0.0 2.6594 4.49 30.1485
88 3 2 0.0 4.289 6.5374 30.0
89 3 2 0.0 4.289 2.4426 30.0
90 3 2 0.0 2.5662 0.0 32.28
91 3 2 0.0 2.9433 6.2052 32.2305
92 3 2 0.0 2.964 2.7748 32.2305
93 3 2 0.0 3.8192 0.0 36.4935
94 3 2 0.0 2.1896 2.0474 36.642
96 3 2 0.0 3.9125 4.49 34.362
97 3 2 0.0 3.5348 1.7152 34.4115
98 3 2 0.0 3.5141 7.2648 34.4115
99 3 2 0.0 0.0694 0.0 30.1485
100 3 2 0.0 1.699 2.0474 30.0
101 3 2 0.0 1.699 6.9326 30.0
102 3 2 0.0 5.1562 4.49 32.28
103 3 2 0.0 0.3533 1.7152 32.2305
104 3 2 0.0 0.374 7.2648 32.2305
95 3 2 0.0 1.2292 4.49 36.4935
105 3 2 0.0 4.7796 6.5374 36.642
106 3 2 0.0 4.7796 2.4426 36.642
107 3 2 0.0 1.3225 0.0 34.362
108 3 2 0.0 0.9448 6.2052 34.4115
109 3 2 0.0 0.9241 2.7748 34.4115
110 3 5 0.0 0.9806 0.0 40.8225
111 3 5 0.0 3.5706 4.49 40.8225
112 4 3 0.0 4.5341 11.9703 3.321
113 4 3 0.0 4.5341 14.9697 3.321
114 4 3 0.0 1.9441 16.4603 3.321
115 4 3 0.0 1.9441 10.4797 3.321
116 4 1 0.0 2.8946 11.9344 0.645
117 4 1 0.0 2.8946 15.0056 0.645
118 4 1 0.0 3.584 16.4244 5.9985
119 4 1 0.0 3.584 10.5156 5.9985
120 4 1 0.0 0.3046 16.4244 0.645
121 4 1 0.0 0.3046 10.5156 0.645
122 4 1 0.0 0.994 11.9344 5.9985
123 4 1 0.0 0.994 15.0056 5.9985
124 4 2 0.0 2.6594 13.47 0.1485
125 4 2 0.0 4.289 15.5174 0.0
126 4 2 0.0 4.289 11.4226 0.0
127 4 2 0.0 2.5662 8.98 2.28
128 4 2 0.0 2.9433 15.1852 2.2305
129 4 2 0.0 2.964 11.7548 2.2305
130 4 2 0.0 3.8192 8.98 6.4935
131 4 2 0.0 2.1896 11.0274 6.642
133 4 2 0.0 3.9125 13.47 4.362
134 4 2 0.0 3.5348 10.6952 4.4115
135 4 2 0.0 3.5141 16.2448 4.4115
136 4 2 0.0 0.0694 8.98 0.1485
137 4 2 0.0 1.699 11.0274 0.0
138 4 2 0.0 1.699 15.9126 0.0
139 4 2 0.0 5.1562 13.47 2.28
140 4 2 0.0 0.3533 10.6952 2.2305
141 4 2 0.0 0.374 16.2448 2.2305
132 4 2 0.0 1.2292 13.47 6.4935
142 4 2 0.0 4.7796 15.5174 6.642
143 4 2 0.0 4.7796 11.4226 6.642
144 4 2 0.0 1.3225 8.98 4.362
145 4 2 0.0 0.9448 15.1852 4.4115
146 4 2 0.0 0.9241 11.7548 4.4115
147 4 5 0.0 0.9806 8.98 10.8225
148 4 5 0.0 3.5706 13.47 10.8225
149 5 3 0.0 4.5341 11.9703 18.321
150 5 3 0.0 4.5341 14.9697 18.321
151 5 3 0.0 1.9441 16.4603 18.321
152 5 3 0.0 1.9441 10.4797 18.321
153 5 1 0.0 2.8946 11.9344 15.645
154 5 1 0.0 2.8946 15.0056 15.645
155 5 1 0.0 3.584 16.4244 20.9985
156 5 1 0.0 3.584 10.5156 20.9985
157 5 1 0.0 0.3046 16.4244 15.645
158 5 1 0.0 0.3046 10.5156 15.645
159 5 1 0.0 0.994 11.9344 20.9985
160 5 1 0.0 0.994 15.0056 20.9985
161 5 2 0.0 2.6594 13.47 15.1485
162 5 2 0.0 4.289 15.5174 15.0
163 5 2 0.0 4.289 11.4226 15.0
164 5 2 0.0 2.5662 8.98 17.28
165 5 2 0.0 2.9433 15.1852 17.2305
166 5 2 0.0 2.964 11.7548 17.2305
167 5 2 0.0 3.8192 8.98 21.4935
168 5 2 0.0 2.1896 11.0274 21.642
170 5 2 0.0 3.9125 13.47 19.362
171 5 2 0.0 3.5348 10.6952 19.4115
172 5 2 0.0 3.5141 16.2448 19.4115
173 5 2 0.0 0.0694 8.98 15.1485
174 5 2 0.0 1.699 11.0274 15.0
175 5 2 0.0 1.699 15.9126 15.0
176 5 2 0.0 5.1562 13.47 17.28
177 5 2 0.0 0.3533 10.6952 17.2305
178 5 2 0.0 0.374 16.2448 17.2305
169 5 2 0.0 1.2292 13.47 21.4935
179 5 2 0.0 4.7796 15.5174 21.642
180 5 2 0.0 4.7796 11.4226 21.642
181 5 2 0.0 1.3225 8.98 19.362
182 5 2 0.0 0.9448 15.1852 19.4115
183 5 2 0.0 0.9241 11.7548 19.4115
184 5 5 0.0 0.9806 8.98 25.8225
185 5 5 0.0 3.5706 13.47 25.8225
186 6 3 0.0 4.5341 11.9703 33.321
187 6 3 0.0 4.5341 14.9697 33.321
188 6 3 0.0 1.9441 16.4603 33.321
189 6 3 0.0 1.9441 10.4797 33.321
190 6 1 0.0 2.8946 11.9344 30.645
191 6 1 0.0 2.8946 15.0056 30.645
192 6 1 0.0 3.584 16.4244 35.9985
193 6 1 0.0 3.584 10.5156 35.9985
194 6 1 0.0 0.3046 16.4244 30.645
195 6 1 0.0 0.3046 10.5156 30.645
196 6 1 0.0 0.994 11.9344 35.9985
197 6 1 0.0 0.994 15.0056 35.9985
198 6 2 0.0 2.6594 13.47 30.1485
199 6 2 0.0 4.289 15.5174 30.0
200 6 2 0.0 4.289 11.4226 30.0
201 6 2 0.0 2.5662 8.98 32.28
202 6 2 0.0 2.9433 15.1852 32.2305
203 6 2 0.0 2.964 11.7548 32.2305
204 6 2 0.0 3.8192 8.98 36.4935
205 6 2 0.0 2.1896 11.0274 36.642
207 6 2 0.0 3.9125 13.47 34.362
208 6 2 0.0 3.5348 10.6952 34.4115
209 6 2 0.0 3.5141 16.2448 34.4115
210 6 2 0.0 0.0694 8.98 30.1485
211 6 2 0.0 1.699 11.0274 30.0
212 6 2 0.0 1.699 15.9126 30.0
213 6 2 0.0 5.1562 13.47 32.28
214 6 2 0.0 0.3533 10.6952 32.2305
215 6 2 0.0 0.374 16.2448 32.2305
206 6 2 0.0 1.2292 13.47 36.4935
216 6 2 0.0 4.7796 15.5174 36.642
217 6 2 0.0 4.7796 11.4226 36.642
218 6 2 0.0 1.3225 8.98 34.362
219 6 2 0.0 0.9448 15.1852 34.4115
220 6 2 0.0 0.9241 11.7548 34.4115
221 6 5 0.0 0.9806 8.98 40.8225
222 6 5 0.0 3.5706 13.47 40.8225
223 7 3 0.0 4.5341 20.9503 3.321
224 7 3 0.0 4.5341 23.9497 3.321
225 7 3 0.0 1.9441 25.4403 3.321
226 7 3 0.0 1.9441 19.4597 3.321
227 7 1 0.0 2.8946 20.9144 0.645
228 7 1 0.0 2.8946 23.9856 0.645
229 7 1 0.0 3.584 25.4044 5.9985
230 7 1 0.0 3.584 19.4956 5.9985
231 7 1 0.0 0.3046 25.4044 0.645
232 7 1 0.0 0.3046 19.4956 0.645
233 7 1 0.0 0.994 20.9144 5.9985
234 7 1 0.0 0.994 23.9856 5.9985
235 7 2 0.0 2.6594 22.45 0.1485
236 7 2 0.0 4.289 24.4974 0.0
237 7 2 0.0 4.289 20.4026 0.0
238 7 2 0.0 2.5662 17.96 2.28
239 7 2 0.0 2.9433 24.1652 2.2305
240 7 2 0.0 2.964 20.7348 2.2305
241 7 2 0.0 3.8192 17.96 6.4935
242 7 2 0.0 2.1896 20.0074 6.642
244 7 2 0.0 3.9125 22.45 4.362
245 7 2 0.0 3.5348 19.6752 4.4115
246 7 2 0.0 3.5141 25.2248 4.4115
247 7 2 0.0 0.0694 17.96 0.1485
248 7 2 0.0 1.699 20.0074 0.0
249 7 2 0.0 1.699 24.8926 0.0
250 7 2 0.0 5.1562 22.45 2.28
251 7 2 0.0 0.3533 19.6752 2.2305
252 7 2 0.0 0.374 25.2248 2.2305
243 7 2 0.0 1.2292 22.45 6.4935
253 7 2 0.0 4.7796 24.4974 6.642
254 7 2 0.0 4.7796 20.4026 6.642
255 7 2 0.0 1.3225 17.96 4.362
256 7 2 0.0 0.9448 24.1652 4.4115
257 7 2 0.0 0.9241 20.7348 4.4115
258 7 5 0.0 0.9806 17.96 10.8225
259 7 5 0.0 3.5706 22.45 10.8225
260 8 3 0.0 4.5341 20.9503 18.321
261 8 3 0.0 4.5341 23.9497 18.321
262 8 3 0.0 1.9441 25.4403 18.321
263 8 3 0.0 1.9441 19.4597 18.321
264 8 1 0.0 2.8946 20.9144 15.645
265 8 1 0.0 2.8946 23.9856 15.645
266 8 1 0.0 3.584 25.4044 20.9985
267 8 1 0.0 3.584 19.4956 20.9985
268 8 1 0.0 0.3046 25.4044 15.645
269 8 1 0.0 0.3046 19.4956 15.645
270 8 1 0.0 0.994 20.9144 20.9985
271 8 1 0.0 0.994 23.9856 20.9985
272 8 2 0.0 2.6594 22.45 15.1485
273 8 2 0.0 4.289 24.4974 15.0
274 8 2 0.0 4.289 20.4026 15.0
275 8 2 0.0 2.5662 17.96 17.28
276 8 2 0.0 2.9433 24.1652 17.2305
277 8 2 0.0 2.964 20.7348 17.2305
278 8 2 0.0 3.8192 17.96 21.4935
279 8 2 0.0 2.1896 20.0074 21.642
281 8 2 0.0 3.9125 22.45 19.362
282 8 2 0.0 3.5348 19.6752 19.4115
283 8 2 0.0 3.5141 25.2248 19.4115
284 8 2 0.0 0.0694 17.96 15.1485
285 8 2 0.0 1.699 20.0074 15.0
286 8 2 0.0 1.699 24.8926 15.0
287 8 2 0.0 5.1562 22.45 17.28
288 8 2 0.0 0.3533 19.6752 17.2305
289 8 2 0.0 0.374 25.2248 17.2305
280 8 2 0.0 1.2292 22.45 21.4935
290 8 2 0.0 4.7796 24.4974 21.642
291 8 2 0.0 4.7796 20.4026 21.642
292 8 2 0.0 1.3225 17.96 19.362
293 8 2 0.0 0.9448 24.1652 19.4115
294 8 2 0.0 0.9241 20.7348 19.4115
295 8 5 0.0 0.9806 17.96 25.8225
296 8 5 0.0 3.5706 22.45 25.8225
297 9 3 0.0 4.5341 20.9503 33.321
298 9 3 0.0 4.5341 23.9497 33.321
299 9 3 0.0 1.9441 25.4403 33.321
300 9 3 0.0 1.9441 19.4597 33.321
301 9 1 0.0 2.8946 20.9144 30.645
302 9 1 0.0 2.8946 23.9856 30.645
303 9 1 0.0 3.584 25.4044 35.9985
304 9 1 0.0 3.584 19.4956 35.9985
305 9 1 0.0 0.3046 25.4044 30.645
306 9 1 0.0 0.3046 19.4956 30.645
307 9 1 0.0 0.994 20.9144 35.9985
308 9 1 0.0 0.994 23.9856 35.9985
309 9 2 0.0 2.6594 22.45 30.1485
310 9 2 0.0 4.289 24.4974 30.0
311 9 2 0.0 4.289 20.4026 30.0
312 9 2 0.0 2.5662 17.96 32.28
313 9 2 0.0 2.9433 24.1652 32.2305
314 9 2 0.0 2.964 20.7348 32.2305
315 9 2 0.0 3.8192 17.96 36.4935
316 9 2 0.0 2.1896 20.0074 36.642
318 9 2 0.0 3.9125 22.45 34.362
319 9 2 0.0 3.5348 19.6752 34.4115
320 9 2 0.0 3.5141 25.2248 34.4115
321 9 2 0.0 0.0694 17.96 30.1485
322 9 2 0.0 1.699 20.0074 30.0
323 9 2 0.0 1.699 24.8926 30.0
324 9 2 0.0 5.1562 22.45 32.28
325 9 2 0.0 0.3533 19.6752 32.2305
326 9 2 0.0 0.374 25.2248 32.2305
317 9 2 0.0 1.2292 22.45 36.4935
327 9 2 0.0 4.7796 24.4974 36.642
328 9 2 0.0 4.7796 20.4026 36.642
329 9 2 0.0 1.3225 17.96 34.362
330 9 2 0.0 0.9448 24.1652 34.4115
331 9 2 0.0 0.9241 20.7348 34.4115
332 9 5 0.0 0.9806 17.96 40.8225
333 9 5 0.0 3.5706 22.45 40.8225
334 10 3 0.0 4.5341 29.9303 3.321
335 10 3 0.0 4.5341 32.9297 3.321
336 10 3 0.0 1.9441 34.4203 3.321
337 10 3 0.0 1.9441 28.4397 3.321
338 10 1 0.0 2.8946 29.8944 0.645
339 10 1 0.0 2.8946 32.9656 0.645
340 10 1 0.0 3.584 34.3844 5.9985
341 10 1 0.0 3.584 28.4756 5.9985
342 10 1 0.0 0.3046 34.3844 0.645
343 10 1 0.0 0.3046 28.4756 0.645
344 10 1 0.0 0.994 29.8944 5.9985
345 10 1 0.0 0.994 32.9656 5.9985
346 10 2 0.0 2.6594 31.43 0.1485
347 10 2 0.0 4.289 33.4774 0.0
348 10 2 0.0 4.289 29.3826 0.0
349 10 2 0.0 2.5662 26.94 2.28
350 10 2 0.0 2.9433 33.1452 2.2305
351 10 2 0.0 2.964 29.7148 2.2305
352 10 2 0.0 3.8192 26.94 6.4935
353 10 2 0.0 2.1896 28.9874 6.642
355 10 2 0.0 3.9125 31.43 4.362
356 10 2 0.0 3.5348 28.6552 4.4115
357 10 2 0.0 3.5141 34.2048 4.4115
358 10 2 0.0 0.0694 26.94 0.1485
359 10 2 0.0 1.699 28.9874 0.0
360 10 2 0.0 1.699 33.8726 0.0
361 10 2 0.0 5.1562 31.43 2.28
362 10 2 0.0 0.3533 28.6552 2.2305
363 10 2 0.0 0.374 34.2048 2.2305
354 10 2 0.0 1.2292 31.43 6.4935
364 10 2 0.0 4.7796 33.4774 6.642
365 10 2 0.0 4.7796 29.3826 6.642
366 10 2 0.0 1.3225 26.94 4.362
367 10 2 0.0 0.9448 33.1452 4.4115
368 10 2 0.0 0.9241 29.7148 4.4115
369 10 5 0.0 0.9806 26.94 10.8225
370 10 5 0.0 3.5706 31.43 10.8225
371 11 3 0.0 4.5341 29.9303 18.321
372 11 3 0.0 4.5341 32.9297 18.321
373 11 3 0.0 1.9441 34.4203 18.321
374 11 3 0.0 1.9441 28.4397 18.321
375 11 1 0.0 2.8946 29.8944 15.645
376 11 1 0.0 2.8946 32.9656 15.645
377 11 1 0.0 3.584 34.3844 20.9985
378 11 1 0.0 3.584 28.4756 20.9985
379 11 1 0.0 0.3046 34.3844 15.645
380 11 1 0.0 0.3046 28.4756 15.645
381 11 1 0.0 0.994 29.8944 20.9985
382 11 1 0.0 0.994 32.9656 20.9985
383 11 2 0.0 2.6594 31.43 15.1485
384 11 2 0.0 4.289 33.4774 15.0
385 11 2 0.0 4.289 29.3826 15.0
386 11 2 0.0 2.5662 26.94 17.28
387 11 2 0.0 2.9433 33.1452 17.2305
388 11 2 0.0 2.964 29.7148 17.2305
389 11 2 0.0 3.8192 26.94 21.4935
390 11 2 0.0 2.1896 28.9874 21.642
392 11 2 0.0 3.9125 31.43 19.362
393 11 2 0.0 3.5348 28.6552 19.4115
394 11 2 0.0 3.5141 34.2048 19.4115
395 11 2 0.0 0.0694 26.94 15.1485
396 11 2 0.0 1.699 28.9874 15.0
397 11 2 0.0 1.699 33.8726 15.0
398 11 2 0.0 5.1562 31.43 17.28
399 11 2 0.0 0.3533 28.6552 17.2305
400 11 2 0.0 0.374 34.2048 17.2305
391 11 2 0.0 1.2292 31.43 21.4935
401 11 2 0.0 4.7796 33.4774 21.642
402 11 2 0.0 4.7796 29.3826 21.642
403 11 2 0.0 1.3225 26.94 19.362
404 11 2 0.0 0.9448 33.1452 19.4115
405 11 2 0.0 0.9241 29.7148 19.4115
406 11 5 0.0 0.9806 26.94 25.8225
407 11 5 0.0 3.5706 31.43 25.8225
408 12 3 0.0 4.5341 29.9303 33.321
409 12 3 0.0 4.5341 32.9297 33.321
410 12 3 0.0 1.9441 34.4203 33.321
411 12 3 0.0 1.9441 28.4397 33.321
412 12 1 0.0 2.8946 29.8944 30.645
413 12 1 0.0 2.8946 32.9656 30.645
414 12 1 0.0 3.584 34.3844 35.9985
415 12 1 0.0 3.584 28.4756 35.9985
416 12 1 0.0 0.3046 34.3844 30.645
417 12 1 0.0 0.3046 28.4756 30.645
418 12 1 0.0 0.994 29.8944 35.9985
419 12 1 0.0 0.994 32.9656 35.9985
420 12 2 0.0 2.6594 31.43 30.1485
421 12 2 0.0 4.289 33.4774 30.0
422 12 2 0.0 4.289 29.3826 30.0
423 12 2 0.0 2.5662 26.94 32.28
424 12 2 0.0 2.9433 33.1452 32.2305
425 12 2 0.0 2.964 29.7148 32.2305
426 12 2 0.0 3.8192 26.94 36.4935
427 12 2 0.0 2.1896 28.9874 36.642
429 12 2 0.0 3.9125 31.43 34.362
430 12 2 0.0 3.5348 28.6552 34.4115
431 12 2 0.0 3.5141 34.2048 34.4115
432 12 2 0.0 0.0694 26.94 30.1485
433 12 2 0.0 1.699 28.9874 30.0
434 12 2 0.0 1.699 33.8726 30.0
435 12 2 0.0 5.1562 31.43 32.28
436 12 2 0.0 0.3533 28.6552 32.2305
437 12 2 0.0 0.374 34.2048 32.2305
428 12 2 0.0 1.2292 31.43 36.4935
438 12 2 0.0 4.7796 33.4774 36.642
439 12 2 0.0 4.7796 29.3826 36.642
440 12 2 0.0 1.3225 26.94 34.362
441 12 2 0.0 0.9448 33.1452 34.4115
442 12 2 0.0 0.9241 29.7148 34.4115
443 12 5 0.0 0.9806 26.94 40.8225
444 12 5 0.0 3.5706 31.43 40.8225
445 13 3 0.0 4.5341 38.9103 3.321
446 13 3 0.0 4.5341 41.9097 3.321
447 13 3 0.0 1.9441 43.4003 3.321
448 13 3 0.0 1.9441 37.4197 3.321
449 13 1 0.0 2.8946 38.8744 0.645
450 13 1 0.0 2.8946 41.9456 0.645
451 13 1 0.0 3.584 43.3644 5.9985
452 13 1 0.0 3.584 37.4556 5.9985
453 13 1 0.0 0.3046 43.3644 0.645
454 13 1 0.0 0.3046 37.4556 0.645
455 13 1 0.0 0.994 38.8744 5.9985
456 13 1 0.0 0.994 41.9456 5.9985
457 13 2 0.0 2.6594 40.41 0.1485
458 13 2 0.0 4.289 42.4574 0.0
459 13 2 0.0 4.289 38.3626 0.0
460 13 2 0.0 2.5662 35.92 2.28
461 13 2 0.0 2.9433 42.1252 2.2305
462 13 2 0.0 2.964 38.6948 2.2305
463 13 2 0.0 3.8192 35.92 6.4935
464 13 2 0.0 2.1896 37.9674 6.642
466 13 2 0.0 3.9125 40.41 4.362
467 13 2 0.0 3.5348 37.6352 4.4115
468 13 2 0.0 3.5141 43.1848 4.4115
469 13 2 0.0 0.0694 35.92 0.1485
470 13 2 0.0 1.699 37.9674 0.0
471 13 2 0.0 1.699 42.8526 0.0
472 13 2 0.0 5.1562 40.41 2.28
473 13 2 0.0 0.3533 37.6352 2.2305
474 13 2 0.0 0.374 43.1848 2.2305
465 13 2 0.0 1.2292 40.41 6.4935
475 13 2 0.0 4.7796 42.4574 6.642
476 13 2 0.0 4.7796 38.3626 6.642
477 13 2 0.0 1.3225 35.92 4.362
478 13 2 0.0 0.9448 42.1252 4.4115
479 13 2 0.0 0.9241 38.6948 4.4115
480 13 5 0.0 0.9806 35.92 10.8225
481 13 5 0.0 3.5706 40.41 10.8225
482 14 3 0.0 4.5341 38.9103 18.321
483 14 3 0.0 4.5341 41.9097 18.321
484 14 3 0.0 1.9441 43.4003 18.321
485 14 3 0.0 1.9441 37.4197 18.321
486 14 1 0.0 2.8946 38.8744 15.645
487 14 1 0.0 2.8946 41.9456 15.645
488 14 1 0.0 3.584 43.3644 20.9985
489 14 1 0.0 3.584 37.4556 20.9985
490 14 1 0.0 0.3046 43.3644 15.645
491 14 1 0.0 0.3046 37.4556 15.645
492 14 1 0.0 0.994 38.8744 20.9985
493 14 1 0.0 0.994 41.9456 20.9985
494 14 2 0.0 2.6594 40.41 15.1485
495 14 2 0.0 4.289 42.4574 15.0
496 14 2 0.0 4.289 38.3626 15.0
497 14 2 0.0 2.5662 35.92 17.28
498 14 2 0.0 2.9433 42.1252 17.2305
499 14 2 0.0 2.964 38.6948 17.2305
500 14 2 0.0 3.8192 35.92 21.4935
501 14 2 0.0 2.1896 37.9674 21.642
503 14 2 0.0 3.9125 40.41 19.362
504 14 2 0.0 3.5348 37.6352 19.4115
505 14 2 0.0 3.5141 43.1848 19.4115
506 14 2 0.0 0.0694 35.92 15.1485
507 14 2 0.0 1.699 37.9674 15.0
508 14 2 0.0 1.699 42.8526 15.0
509 14 2 0.0 5.1562 40.41 17.28
510 14 2 0.0 0.3533 37.6352 17.2305
511 14 2 0.0 0.374 43.1848 17.2305
502 14 2 0.0 1.2292 40.41 21.4935
512 14 2 0.0 4.7796 42.4574 21.642
513 14 2 0.0 4.7796 38.3626 21.642
514 14 2 0.0 1.3225 35.92 19.362
515 14 2 0.0 0.9448 42.1252 19.4115
516 14 2 0.0 0.9241 38.6948 19.4115
517 14 5 0.0 0.9806 35.92 25.8225
518 14 5 0.0 3.5706 40.41 25.8225
519 15 3 0.0 4.5341 38.9103 33.321
520 15 3 0.0 4.5341 41.9097 33.321
521 15 3 0.0 1.9441 43.4003 33.321
522 15 3 0.0 1.9441 37.4197 33.321
523 15 1 0.0 2.8946 38.8744 30.645
524 15 1 0.0 2.8946 41.9456 30.645
525 15 1 0.0 3.584 43.3644 35.9985
526 15 1 0.0 3.584 37.4556 35.9985
527 15 1 0.0 0.3046 43.3644 30.645
528 15 1 0.0 0.3046 37.4556 30.645
529 15 1 0.0 0.994 38.8744 35.9985
530 15 1 0.0 0.994 41.9456 35.9985
531 15 2 0.0 2.6594 40.41 30.1485
532 15 2 0.0 4.289 42.4574 30.0
533 15 2 0.0 4.289 38.3626 30.0
534 15 2 0.0 2.5662 35.92 32.28
535 15 2 0.0 2.9433 42.1252 32.2305
536 15 2 0.0 2.964 38.6948 32.2305
537 15 2 0.0 3.8192 35.92 36.4935
538 15 2 0.0 2.1896 37.9674 36.642
540 15 2 0.0 3.9125 40.41 34.362
541 15 2 0.0 3.5348 37.6352 34.4115
542 15 2 0.0 3.5141 43.1848 34.4115
543 15 2 0.0 0.0694 35.92 30.1485
544 15 2 0.0 1.699 37.9674 30.0
545 15 2 0.0 1.699 42.8526 30.0
546 15 2 0.0 5.1562 40.41 32.28
547 15 2 0.0 0.3533 37.6352 32.2305
548 15 2 0.0 0.374 43.1848 32.2305
539 15 2 0.0 1.2292 40.41 36.4935
549 15 2 0.0 4.7796 42.4574 36.642
550 15 2 0.0 4.7796 38.3626 36.642
551 15 2 0.0 1.3225 35.92 34.362
552 15 2 0.0 0.9448 42.1252 34.4115
553 15 2 0.0 0.9241 38.6948 34.4115
554 15 5 0.0 0.9806 35.92 40.8225
555 15 5 0.0 3.5706 40.41 40.8225
556 16 3 0.0 9.7141 2.9903 3.321
557 16 3 0.0 9.7141 5.9897 3.321
558 16 3 0.0 7.1241 7.4803 3.321
559 16 3 0.0 7.1241 1.4997 3.321
560 16 1 0.0 8.0746 2.9544 0.645
561 16 1 0.0 8.0746 6.0256 0.645
562 16 1 0.0 8.764 7.4444 5.9985
563 16 1 0.0 8.764 1.5356 5.9985
564 16 1 0.0 5.4846 7.4444 0.645
565 16 1 0.0 5.4846 1.5356 0.645
566 16 1 0.0 6.174 2.9544 5.9985
567 16 1 0.0 6.174 6.0256 5.9985
568 16 2 0.0 7.8394 4.49 0.1485
569 16 2 0.0 9.469 6.5374 0.0
570 16 2 0.0 9.469 2.4426 0.0
571 16 2 0.0 7.7462 0.0 2.28
572 16 2 0.0 8.1233 6.2052 2.2305
573 16 2 0.0 8.144 2.7748 2.2305
574 16 2 0.0 8.9992 0.0 6.4935
575 16 2 0.0 7.3696 2.0474 6.642
577 16 2 0.0 9.0925 4.49 4.362
578 16 2 0.0 8.7148 1.7152 4.4115
579 16 2 0.0 8.6941 7.2648 4.4115
580 16 2 0.0 5.2494 0.0 0.1485
581 16 2 0.0 6.879 2.0474 0.0
582 16 2 0.0 6.879 6.9326 0.0
583 16 2 0.0 10.3362 4.49 2.28
584 16 2 0.0 5.5333 1.7152 2.2305
585 16 2 0.0 5.554 7.2648 2.2305
576 16 2 0.0 6.4092 4.49 6.4935
586 16 2 0.0 9.9596 6.5374 6.642
587 16 2 0.0 9.9596 2.4426 6.642
588 16 2 0.0 6.5025 0.0 4.362
589 16 2 0.0 6.1248 6.2052 4.4115
590 16 2 0.0 6.1041 2.7748 4.4115
591 16 5 0.0 6.1606 0.0 10.8225
592 16 5 0.0 8.7506 4.49 10.8225
593 17 3 0.0 9.7141 2.9903 18.321
594 17 3 0.0 9.7141 5.9897 18.321
595 17 3 0.0 7.1241 7.4803 18.321
596 17 3 0.0 7.1241 1.4997 18.321
597 17 1 0.0 8.0746 2.9544 15.645
598 17 1 0.0 8.0746 6.0256 15.645
599 17 1 0.0 8.764 7.4444 20.9985
600 17 1 0.0 8.764 1.5356 20.9985
601 17 1 0.0 5.4846 7.4444 15.645
602 17 1 0.0 5.4846 1.5356 15.645
603 17 1 0.0 6.174 2.9544 20.9985
604 17 1 0.0 6.174 6.0256 20.9985
605 17 2 0.0 7.8394 4.49 15.1485
606 17 2 0.0 9.469 6.5374 15.0
607 17 2 0.0 9.469 2.4426 15.0
608 17 2 0.0 7.7462 0.0 17.28
609 17 2 0.0 8.1233 6.2052 17.2305
610 17 2 0.0 8.144 2.7748 17.2305
611 17 2 0.0 8.9992 0.0 21.4935
612 17 2 0.0 7.3696 2.0474 21.642
614 17 2 0.0 9.0925 4.49 19.362
615 17 2 0.0 8.7148 1.7152 19.4115
616 17 2 0.0 8.6941 7.2648 19.4115
617 17 2 0.0 5.2494 0.0 15.1485
618 17 2 0.0 6.879 2.0474 15.0
619 17 2 0.0 6.879 6.9326 15.0
620 17 2 0.0 10.3362 4.49 17.28
621 17 2 0.0 5.5333 1.7152 17.2305
622 17 2 0.0 5.554 7.2648 17.2305
613 17 2 0.0 6.4092 4.49 21.4935
623 17 2 0.0 9.9596 6.5374 21.642
624 17 2 0.0 9.9596 2.4426 21.642
625 17 2 0.0 6.5025 0.0 19.362
626 17 2 0.0 6.1248 6.2052 19.4115
627 17 2 0.0 6.1041 2.7748 19.4115
628 17 5 0.0 6.1606 0.0 25.8225
629 17 5 0.0 8.7506 4.49 25.8225
630 18 3 0.0 9.7141 2.9903 33.321
631 18 3 0.0 9.7141 5.9897 33.321
632 18 3 0.0 7.1241 7.4803 33.321
633 18 3 0.0 7.1241 1.4997 33.321
634 18 1 0.0 8.0746 2.9544 30.645
635 18 1 0.0 8.0746 6.0256 30.645
636 18 1 0.0 8.764 7.4444 35.9985
637 18 1 0.0 8.764 1.5356 35.9985
638 18 1 0.0 5.4846 7.4444 30.645
639 18 1 0.0 5.4846 1.5356 30.645
640 18 1 0.0 6.174 2.9544 35.9985
641 18 1 0.0 6.174 6.0256 35.9985
642 18 2 0.0 7.8394 4.49 30.1485
643 18 2 0.0 9.469 6.5374 30.0
644 18 2 0.0 9.469 2.4426 30.0
645 18 2 0.0 7.7462 0.0 32.28
646 18 2 0.0 8.1233 6.2052 32.2305
647 18 2 0.0 8.144 2.7748 32.2305
648 18 2 0.0 8.9992 0.0 36.4935
649 18 2 0.0 7.3696 2.0474 36.642
651 18 2 0.0 9.0925 4.49 34.362
652 18 2 0.0 8.7148 1.7152 34.4115
653 18 2 0.0 8.6941 7.2648 34.4115
654 18 2 0.0 5.2494 0.0 30.1485
655 18 2 0.0 6.879 2.0474 30.0
656 18 2 0.0 6.879 6.9326 30.0
657 18 2 0.0 10.3362 4.49 32.28
658 18 2 0.0 5.5333 1.7152 32.2305
659 18 2 0.0 5.554 7.2648 32.2305
650 18 2 0.0 6.4092 4.49 36.4935
660 18 2 0.0 9.9596 6.5374 36.642
661 18 2 0.0 9.9596 2.4426 36.642
662 18 2 0.0 6.5025 0.0 34.362
663 18 2 0.0 6.1248 6.2052 34.4115
664 18 2 0.0 6.1041 2.7748 34.4115
665 18 5 0.0 6.1606 0.0 40.8225
666 18 5 0.0 8.7506 4.49 40.8225
667 19 3 0.0 9.7141 11.9703 3.321
668 19 3 0.0 9.7141 14.9697 3.321
669 19 3 0.0 7.1241 16.4603 3.321
670 19 3 0.0 7.1241 10.4797 3.321
671 19 1 0.0 8.0746 11.9344 0.645
672 19 1 0.0 8.0746 15.0056 0.645
673 19 1 0.0 8.764 16.4244 5.9985
674 19 1 0.0 8.764 10.5156 5.9985
675 19 1 0.0 5.4846 16.4244 0.645
676 19 1 0.0 5.4846 10.5156 0.645
677 19 1 0.0 6.174 11.9344 5.9985
678 19 1 0.0 6.174 15.0056 5.9985
679 19 2 0.0 7.8394 13.47 0.1485
680 19 2 0.0 9.469 15.5174 0.0
681 19 2 0.0 9.469 11.4226 0.0
682 19 2 0.0 7.7462 8.98 2.28
683 19 2 0.0 8.1233 15.1852 2.2305
684 19 2 0.0 8.144 11.7548 2.2305
685 19 2 0.0 8.9992 8.98 6.4935
686 19 2 0.0 7.3696 11.0274 6.642
688 19 2 0.0 9.0925 13.47 4.362
689 19 2 0.0 8.7148 10.6952 4.4115
690 19 2 0.0 8.6941 16.2448 4.4115
691 19 2 0.0 5.2494 8.98 0.1485
692 19 2 0.0 6.879 11.0274 0.0
693 19 2 0.0 6.879 15.9126 0.0
694 19 2 0.0 10.3362 13.47 2.28
695 19 2 0.0 5.5333 10.6952 2.2305
696 19 2 0.0 5.554 16.2448 2.2305
687 19 2 0.0 6.4092 13.47 6.4935
697 19 2 0.0 9.9596 15.5174 6.642
698 19 2 0.0 9.9596 11.4226 6.642
699 19 2 0.0 6.5025 8.98 4.362
700 19 2 0.0 6.1248 15.1852 4.4115
701 19 2 0.0 6.1041 11.7548 4.4115
702 19 5 0.0 6.1606 8.98 10.8225
703 19 5 0.0 8.7506 13.47 10.8225
704 20 3 0.0 9.7141 11.9703 18.321
705 20 3 0.0 9.7141 14.9697 18.321
706 20 3 0.0 7.1241 16.4603 18.321
707 20 3 0.0 7.1241 10.4797 18.321
708 20 1 0.0 8.0746 11.9344 15.645
709 20 1 0.0 8.0746 15.0056 15.645
710 20 1 0.0 8.764 16.4244 20.9985
711 20 1 0.0 8.764 10.5156 20.9985
712 20 1 0.0 5.4846 16.4244 15.645
713 20 1 0.0 5.4846 10.5156 15.645
714 20 1 0.0 6.174 11.9344 20.9985
715 20 1 0.0 6.174 15.0056 20.9985
716 20 2 0.0 7.8394 13.47 15.1485
717 20 2 0.0 9.469 15.5174 15.0
718 20 2 0.0 9.469 11.4226 15.0
719 20 2 0.0 7.7462 8.98 17.28
720 20 2 0.0 8.1233 15.1852 17.2305
721 20 2 0.0 8.144 11.7548 17.2305
722 20 2 0.0 8.9992 8.98 21.4935
723 20 2 0.0 7.3696 11.0274 21.642
725 20 2 0.0 9.0925 13.47 19.362
726 20 2 0.0 8.7148 10.6952 19.4115
727 20 2 0.0 8.6941 16.2448 19.4115
728 20 2 0.0 5.2494 8.98 15.1485
729 20 2 0.0 6.879 11.0274 15.0
730 20 2 0.0 6.879 15.9126 15.0
731 20 2 0.0 10.3362 13.47 17.28
732 20 2 0.0 5.5333 10.6952 17.2305
733 20 2 0.0 5.554 16.2448 17.2305
724 20 2 0.0 6.4092 13.47 21.4935
734 20 2 0.0 9.9596 15.5174 21.642
735 20 2 0.0 9.9596 11.4226 21.642
736 20 2 0.0 6.5025 8.98 19.362
737 20 2 0.0 6.1248 15.1852 19.4115
738 20 2 0.0 6.1041 11.7548 19.4115
739 20 5 0.0 6.1606 8.98 25.8225
740 20 5 0.0 8.7506 13.47 25.8225
741 21 3 0.0 9.7141 11.9703 33.321
742 21 3 0.0 9.7141 14.9697 33.321
743 21 3 0.0 7.1241 16.4603 33.321
744 21 3 0.0 7.1241 10.4797 33.321
745 21 1 0.0 8.0746 11.9344 30.645
746 21 1 0.0 8.0746 15.0056 30.645
747 21 1 0.0 8.764 16.4244 35.9985
748 21 1 0.0 8.764 10.5156 35.9985
749 21 1 0.0 5.4846 16.4244 30.645
750 21 1 0.0 5.4846 10.5156 30.645
751 21 1 0.0 6.174 11.9344 35.9985
752 21 1 0.0 6.174 15.0056 35.9985
753 21 2 0.0 7.8394 13.47 30.1485
754 21 2 0.0 9.469 15.5174 30.0
755 21 2 0.0 9.469 11.4226 30.0
756 21 2 0.0 7.7462 8.98 32.28
757 21 2 0.0 8.1233 15.1852 32.2305
758 21 2 0.0 8.144 11.7548 32.2305
759 21 2 0.0 8.9992 8.98 36.4935
760 21 2 0.0 7.3696 11.0274 36.642
762 21 2 0.0 9.0925 13.47 34.362
763 21 2 0.0 8.7148 10.6952 34.4115
764 21 2 0.0 8.6941 16.2448 34.4115
765 21 2 0.0 5.2494 8.98 30.1485
766 21 2 0.0 6.879 11.0274 30.0
767 21 2 0.0 6.879 15.9126 30.0
768 21 2 0.0 10.3362 13.47 32.28
769 21 2 0.0 5.5333 10.6952 32.2305
770 21 2 0.0 5.554 16.2448 32.2305
761 21 2 0.0 6.4092 13.47 36.4935
771 21 2 0.0 9.9596 15.5174 36.642
772 21 2 0.0 9.9596 11.4226 36.642
773 21 2 0.0 6.5025 8.98 34.362
774 21 2 0.0 6.1248 15.1852 34.4115
775 21 2 0.0 6.1041 11.7548 34.4115
776 21 5 0.0 6.1606 8.98 40.8225
777 21 5 0.0 8.7506 13.47 40.8225
778 22 3 0.0 9.7141 20.9503 3.321
779 22 3 0.0 9.7141 23.9497 3.321
780 22 3 0.0 7.1241 25.4403 3.321
781 22 3 0.0 7.1241 19.4597 3.321
782 22 1 0.0 8.0746 20.9144 0.645
783 22 1 0.0 8.0746 23.9856 0.645
784 22 1 0.0 8.764 25.4044 5.9985
785 22 1 0.0 8.764 19.4956 5.9985
786 22 1 0.0 5.4846 25.4044 0.645
787 22 1 0.0 5.4846 19.4956 0.645
788 22 1 0.0 6.174 20.9144 5.9985
789 22 1 0.0 6.174 23.9856 5.9985
790 22 2 0.0 7.8394 22.45 0.1485
791 22 2 0.0 9.469 24.4974 0.0
792 22 2 0.0 9.469 20.4026 0.0
793 22 2 0.0 7.7462 17.96 2.28
794 22 2 0.0 8.1233 24.1652 2.2305
795 22 2 0.0 8.144 20.7348 2.2305
796 22 2 0.0 8.9992 17.96 6.4935
797 22 2 0.0 7.3696 20.0074 6.642
799 22 2 0.0 9.0925 22.45 4.362
800 22 2 0.0 8.7148 19.6752 4.4115
801 22 2 0.0 8.6941 25.2248 4.4115
802 22 2 0.0 5.2494 17.96 0.1485
803 22 2 0.0 6.879 20.0074 0.0
804 22 2 0.0 6.879 24.8926 0.0
805 22 2 0.0 10.3362 22.45 2.28
806 22 2 0.0 5.5333 19.6752 2.2305
807 22 2 0.0 5.554 25.2248 2.2305
798 22 2 0.0 6.4092 22.45 6.4935
808 22 2 0.0 9.9596 24.4974 6.642
809 22 2 0.0 9.9596 20.4026 6.642
810 22 2 0.0 6.5025 17.96 4.362
811 22 2 0.0 6.1248 24.1652 4.4115
812 22 2 0.0 6.1041 20.7348 4.4115
813 22 5 0.0 6.1606 17.96 10.8225
814 22 5 0.0 8.7506 22.45 10.8225
815 23 3 0.0 9.7141 20.9503 18.321
816 23 3 0.0 9.7141 23.9497 18.321
817 23 3 0.0 7.1241 25.4403 18.321
818 23 3 0.0 7.1241 19.4597 18.321
819 23 1 0.0 8.0746 20.9144 15.645
820 23 1 0.0 8.0746 23.9856 15.645
821 23 1 0.0 8.764 25.4044 20.9985
822 23 1 0.0 8.764 19.4956 20.9985
823 23 1 0.0 5.4846 25.4044 15.645
824 23 1 0.0 5.4846 19.4956 15.645
825 23 1 0.0 6.174 20.9144 20.9985
826 23 1 0.0 6.174 23.9856 20.9985
827 23 2 0.0 7.8394 22.45 15.1485
828 23 2 0.0 9.469 24.4974 15.0
829 23 2 0.0 9.469 20.4026 15.0
830 23 2 0.0 7.7462 17.96 17.28
831 23 2 0.0 8.1233 24.1652 17.2305
832 23 2 0.0 8.144 20.7348 17.2305
833 23 2 0.0 8.9992 17.96 21.4935
834 23 2 0.0 7.3696 20.0074 21.642
836 23 2 0.0 9.0925 22.45 19.362
837 23 2 0.0 8.7148 19.6752 19.4115
838 23 2 0.0 8.6941 25.2248 19.4115
839 23 2 0.0 5.2494 17.96 15.1485
840 23 2 0.0 6.879 20.0074 15.0
841 23 2 0.0 6.879 24.8926 15.0
842 23 2 0.0 10.3362 22.45 17.28
843 23 2 0.0 5.5333 19.6752 17.2305
844 23 2 0.0 5.554 25.2248 17.2305
835 23 2 0.0 6.4092 22.45 21.4935
845 23 2 0.0 9.9596 24.4974 21.642
846 23 2 0.0 9.9596 20.4026 21.642
847 23 2 0.0 6.5025 17.96 19.362
848 23 2 0.0 6.1248 24.1652 19.4115
849 23 2 0.0 6.1041 20.7348 19.4115
850 23 5 0.0 6.1606 17.96 25.8225
851 23 5 0.0 8.7506 22.45 25.8225
852 24 3 0.0 9.7141 20.9503 33.321
853 24 3 0.0 9.7141 23.9497 33.321
854 24 3 0.0 7.1241 25.4403 33.321
855 24 3 0.0 7.1241 19.4597 33.321
856 24 1 0.0 8.0746 20.9144 30.645
857 24 1 0.0 8.0746 23.9856 30.645
858 24 1 0.0 8.764 25.4044 35.9985
859 24 1 0.0 8.764 19.4956 35.9985
860 24 1 0.0 5.4846 25.4044 30.645
861 24 1 0.0 5.4846 19.4956 30.645
862 24 1 0.0 6.174 20.9144 35.9985
863 24 1 0.0 6.174 23.9856 35.9985
864 24 2 0.0 7.8394 22.45 30.1485
865 24 2 0.0 9.469 24.4974 30.0
866 24 2 0.0 9.469 20.4026 30.0
867 24 2 0.0 7.7462 17.96 32.28
868 24 2 0.0 8.1233 24.1652 32.2305
869 24 2 0.0 8.144 20.7348 32.2305
870 24 2 0.0 8.9992 17.96 36.4935
871 24 2 0.0 7.3696 20.0074 36.642
873 24 2 0.0 9.0925 22.45 34.362
874 24 2 0.0 8.7148 19.6752 34.4115
875 24 2 0.0 8.6941 25.2248 34.4115
876 24 2 0.0 5.2494 17.96 30.1485
877 24 2 0.0 6.879 20.0074 30.0
878 24 2 0.0 6.879 24.8926 30.0
879 24 2 0.0 10.3362 22.45 32.28
880 24 2 0.0 5.5333 19.6752 32.2305
881 24 2 0.0 5.554 25.2248 32.2305
872 24 2 0.0 6.4092 22.45 36.4935
882 24 2 0.0 9.9596 24.4974 36.642
883 24 2 0.0 9.9596 20.4026 36.642
884 24 2 0.0 6.5025 17.96 34.362
885 24 2 0.0 6.1248 24.1652 34.4115
886 24 2 0.0 6.1041 20.7348 34.4115
887 24 5 0.0 6.1606 17.96 40.8225
888 24 5 0.0 8.7506 22.45 40.8225
889 25 3 0.0 9.7141 29.9303 3.321
890 25 3 0.0 9.7141 32.9297 3.321
891 25 3 0.0 7.1241 34.4203 3.321
892 25 3 0.0 7.1241 28.4397 3.321
893 25 1 0.0 8.0746 29.8944 0.645
894 25 1 0.0 8.0746 32.9656 0.645
895 25 1 0.0 8.764 34.3844 5.9985
896 25 1 0.0 8.764 28.4756 5.9985
897 25 1 0.0 5.4846 34.3844 0.645
898 25 1 0.0 5.4846 28.4756 0.645
899 25 1 0.0 6.174 29.8944 5.9985
900 25 1 0.0 6.174 32.9656 5.9985
901 25 2 0.0 7.8394 31.43 0.1485
902 25 2 0.0 9.469 33.4774 0.0
903 25 2 0.0 9.469 29.3826 0.0
904 25 2 0.0 7.7462 26.94 2.28
905 25 2 0.0 8.1233 33.1452 2.2305
906 25 2 0.0 8.144 29.7148 2.2305
907 25 2 0.0 8.9992 26.94 6.4935
908 25 2 0.0 7.3696 28.9874 6.642
910 25 2 0.0 9.0925 31.43 4.362
911 25 2 0.0 8.7148 28.6552 4.4115
912 25 2 0.0 8.6941 34.2048 4.4115
913 25 2 0.0 5.2494 26.94 0.1485
914 25 2 0.0 6.879 28.9874 0.0
915 25 2 0.0 6.879 33.8726 0.0
916 25 2 0.0 10.3362 31.43 2.28
917 25 2 0.0 5.5333 28.6552 2.2305
918 25 2 0.0 5.554 34.2048 2.2305
909 25 2 0.0 6.4092 31.43 6.4935
919 25 2 0.0 9.9596 33.4774 6.642
920 25 2 0.0 9.9596 29.3826 6.642
921 25 2 0.0 6.5025 26.94 4.362
922 25 2 0.0 6.1248 33.1452 4.4115
923 25 2 0.0 6.1041 29.7148 4.4115
924 25 5 0.0 6.1606 26.94 10.8225
925 25 5 0.0 8.7506 31.43 10.8225
926 26 3 0.0 9.7141 29.9303 18.321
927 26 3 0.0 9.7141 32.9297 18.321
928 26 3 0.0 7.1241 34.4203 18.321
929 26 3 0.0 7.1241 28.4397 18.321
930 26 1 0.0 8.0746 29.8944 15.645
931 26 1 0.0 8.0746 32.9656 15.645
932 26 1 0.0 8.764 34.3844 20.9985
933 26 1 0.0 8.764 28.4756 20.9985
934 26 1 0.0 5.4846 34.3844 15.645
935 26 1 0.0 5.4846 28.4756 15.645
936 26 1 0.0 6.174 29.8944 20.9985
937 26 1 0.0 6.174 32.9656 20.9985
938 26 2 0.0 7.8394 31.43 15.1485
939 26 2 0.0 9.469 33.4774 15.0
940 26 2 0.0 9.469 29.3826 15.0
941 26 2 0.0 7.7462 26.94 17.28
942 26 2 0.0 8.1233 33.1452 17.2305
943 26 2 0.0 8.144 29.7148 17.2305
944 26 2 0.0 8.9992 26.94 21.4935
945 26 2 0.0 7.3696 28.9874 21.642
947 26 2 0.0 9.0925 31.43 19.362
948 26 2 0.0 8.7148 28.6552 19.4115
949 26 2 0.0 8.6941 34.2048 19.4115
950 26 2 0.0 5.2494 26.94 15.1485
951 26 2 0.0 6.879 28.9874 15.0
952 26 2 0.0 6.879 33.8726 15.0
953 26 2 0.0 10.3362 31.43 17.28
954 26 2 0.0 5.5333 28.6552 17.2305
955 26 2 0.0 5.554 34.2048 17.2305
946 26 2 0.0 6.4092 31.43 21.4935
956 26 2 0.0 9.9596 33.4774 21.642
957 26 2 0.0 9.9596 29.3826 21.642
958 26 2 0.0 6.5025 26.94 19.362
959 26 2 0.0 6.1248 33.1452 19.4115
960 26 2 0.0 6.1041 29.7148 19.4115
961 26 5 0.0 6.1606 26.94 25.8225
962 26 5 0.0 8.7506 31.43 25.8225
963 27 3 0.0 9.7141 29.9303 33.321
964 27 3 0.0 9.7141 32.9297 33.321
965 27 3 0.0 7.1241 34.4203 33.321
966 27 3 0.0 7.1241 28.4397 33.321
967 27 1 0.0 8.0746 29.8944 30.645
968 27 1 0.0 8.0746 32.9656 30.645
969 27 1 0.0 8.764 34.3844 35.9985
970 27 1 0.0 8.764 28.4756 35.9985
971 27 1 0.0 5.4846 34.3844 30.645
972 27 1 0.0 5.4846 28.4756 30.645
973 27 1 0.0 6.174 29.8944 35.9985
974 27 1 0.0 6.174 32.9656 35.9985
975 27 2 0.0 7.8394 31.43 30.1485
976 27 2 0.0 9.469 33.4774 30.0
977 27 2 0.0 9.469 29.3826 30.0
978 27 2 0.0 7.7462 26.94 32.28
979 27 2 0.0 8.1233 33.1452 32.2305
980 27 2 0.0 8.144 29.7148 32.2305
981 27 2 0.0 8.9992 26.94 36.4935
982 27 2 0.0 7.3696 28.9874 36.642
984 27 2 0.0 9.0925 31.43 34.362
985 27 2 0.0 8.7148 28.6552 34.4115
986 27 2 0.0 8.6941 34.2048 34.4115
987 27 2 0.0 5.2494 26.94 30.1485
988 27 2 0.0 6.879 28.9874 30.0
989 27 2 0.0 6.879 33.8726 30.0
990 27 2 0.0 10.3362 31.43 32.28
991 27 2 0.0 5.5333 28.6552 32.2305
992 27 2 0.0 5.554 34.2048 32.2305
983 27 2 0.0 6.4092 31.43 36.4935
993 27 2 0.0 9.9596 33.4774 36.642
994 27 2 0.0 9.9596 29.3826 36.642
995 27 2 0.0 6.5025 26.94 34.362
996 27 2 0.0 6.1248 33.1452 34.4115
997 27 2 0.0 6.1041 29.7148 34.4115
998 27 5 0.0 6.1606 26.94 40.8225
999 27 5 0.0 8.7506 31.43 40.8225
1000 28 3 0.0 9.7141 38.9103 3.321
1001 28 3 0.0 9.7141 41.9097 3.321
1002 28 3 0.0 7.1241 43.4003 3.321
1003 28 3 0.0 7.1241 37.4197 3.321
1004 28 1 0.0 8.0746 38.8744 0.645
1005 28 1 0.0 8.0746 41.9456 0.645
1006 28 1 0.0 8.764 43.3644 5.9985
1007 28 1 0.0 8.764 37.4556 5.9985
1008 28 1 0.0 5.4846 43.3644 0.645
1009 28 1 0.0 5.4846 37.4556 0.645
1010 28 1 0.0 6.174 38.8744 5.9985
1011 28 1 0.0 6.174 41.9456 5.9985
1012 28 2 0.0 7.8394 40.41 0.1485
1013 28 2 0.0 9.469 42.4574 0.0
1014 28 2 0.0 9.469 38.3626 0.0
1015 28 2 0.0 7.7462 35.92 2.28
1016 28 2 0.0 8.1233 42.1252 2.2305
1017 28 2 0.0 8.144 38.6948 2.2305
1018 28 2 0.0 8.9992 35.92 6.4935
1019 28 2 0.0 7.3696 37.9674 6.642
1021 28 2 0.0 9.0925 40.41 4.362
1022 28 2 0.0 8.7148 37.6352 4.4115
1023 28 2 0.0 8.6941 43.1848 4.4115
1024 28 2 0.0 5.2494 35.92 0.1485
1025 28 2 0.0 6.879 37.9674 0.0
1026 28 2 0.0 6.879 42.8526 0.0
1027 28 2 0.0 10.3362 40.41 2.28
1028 28 2 0.0 5.5333 37.6352 2.2305
1029 28 2 0.0 5.554 43.1848 2.2305
1020 28 2 0.0 6.4092 40.41 6.4935
1030 28 2 0.0 9.9596 42.4574 6.642
1031 28 2 0.0 9.9596 38.3626 6.642
1032 28 2 0.0 6.5025 35.92 4.362
1033 28 2 0.0 6.1248 42.1252 4.4115
1034 28 2 0.0 6.1041 38.6948 4.4115
1035 28 5 0.0 6.1606 35.92 10.8225
1036 28 5 0.0 8.7506 40.41 10.8225
1037 29 3 0.0 9.7141 38.9103 18.321
1038 29 3 0.0 9.7141 41.9097 18.321
1039 29 3 0.0 7.1241 43.4003 18.321
1040 29 3 0.0 7.1241 37.4197 18.321
1041 29 1 0.0 8.0746 38.8744 15.645
1042 29 1 0.0 8.0746 41.9456 15.645
1043 29 1 0.0 8.764 43.3644 20.9985
1044 29 1 0.0 8.764 37.4556 20.9985
1045 29 1 0.0 5.4846 43.3644 15.645
1046 29 1 0.0 5.4846 37.4556 15.645
1047 29 1 0.0 6.174 38.8744 20.9985
1048 29 1 0.0 6.174 41.9456 20.9985
1049 29 2 0.0 7.8394 40.41 15.1485
1050 29 2 0.0 9.469 42.4574 15.0
1051 29 2 0.0 9.469 38.3626 15.0
1052 29 2 0.0 7.7462 35.92 17.28
1053 29 2 0.0 8.1233 42.1252 17.2305
1054 29 2 0.0 8.144 38.6948 17.2305
1055 29 2 0.0 8.9992 35.92 21.4935
1056 29 2 0.0 7.3696 37.9674 21.642
1058 29 2 0.0 9.0925 40.41 19.362
1059 29 2 0.0 8.7148 37.6352 19.4115
1060 29 2 0.0 8.6941 43.1848 19.4115
1061 29 2 0.0 5.2494 35.92 15.1485
1062 29 2 0.0 6.879 37.9674 15.0
1063 29 2 0.0 6.879 42.8526 15.0
1064 29 2 0.0 10.3362 40.41 17.28
1065 29 2 0.0 5.5333 37.6352 17.2305
1066 29 2 0.0 5.554 43.1848 17.2305
1057 29 2 0.0 6.4092 40.41 21.4935
1067 29 2 0.0 9.9596 42.4574 21.642
1068 29 2 0.0 9.9596 38.3626 21.642
1069 29 2 0.0 6.5025 35.92 19.362
1070 29 2 0.0 6.1248 42.1252 19.4115
1071 29 2 0.0 6.1041 38.6948 19.4115
1072 29 5 0.0 6.1606 35.92 25.8225
1073 29 5 0.0 8.7506 40.41 25.8225
1074 30 3 0.0 9.7141 38.9103 33.321
1075 30 3 0.0 9.7141 41.9097 33.321
1076 30 3 0.0 7.1241 43.4003 33.321
1077 30 3 0.0 7.1241 37.4197 33.321
1078 30 1 0.0 8.0746 38.8744 30.645
1079 30 1 0.0 8.0746 41.9456 30.645
1080 30 1 0.0 8.764 43.3644 35.9985
1081 30 1 0.0 8.764 37.4556 35.9985
1082 30 1 0.0 5.4846 43.3644 30.645
1083 30 1 0.0 5.4846 37.4556 30.645
1084 30 1 0.0 6.174 38.8744 35.9985
1085 30 1 0.0 6.174 41.9456 35.9985
1086 30 2 0.0 7.8394 40.41 30.1485
1087 30 2 0.0 9.469 42.4574 30.0
1088 30 2 0.0 9.469 38.3626 30.0
1089 30 2 0.0 7.7462 35.92 32.28
1090 30 2 0.0 8.1233 42.1252 32.2305
1091 30 2 0.0 8.144 38.6948 32.2305
1092 30 2 0.0 8.9992 35.92 36.4935
1093 30 2 0.0 7.3696 37.9674 36.642
1095 30 2 0.0 9.0925 40.41 34.362
1096 30 2 0.0 8.7148 37.6352 34.4115
1097 30 2 0.0 8.6941 43.1848 34.4115
1098 30 2 0.0 5.2494 35.92 30.1485
1099 30 2 0.0 6.879 37.9674 30.0
1100 30 2 0.0 6.879 42.8526 30.0
1101 30 2 0.0 10.3362 40.41 32.28
1102 30 2 0.0 5.5333 37.6352 32.2305
1103 30 2 0.0 5.554 43.1848 32.2305
1094 30 2 0.0 6.4092 40.41 36.4935
1104 30 2 0.0 9.9596 42.4574 36.642
1105 30 2 0.0 9.9596 38.3626 36.642
1106 30 2 0.0 6.5025 35.92 34.362
1107 30 2 0.0 6.1248 42.1252 34.4115
1108 30 2 0.0 6.1041 38.6948 34.4115
1109 30 5 0.0 6.1606 35.92 40.8225
1110 30 5 0.0 8.7506 40.41 40.8225
1111 31 3 0.0 14.8941 2.9903 3.321
1112 31 3 0.0 14.8941 5.9897 3.321
1113 31 3 0.0 12.3041 7.4803 3.321
1114 31 3 0.0 12.3041 1.4997 3.321
1115 31 1 0.0 13.2546 2.9544 0.645
1116 31 1 0.0 13.2546 6.0256 0.645
1117 31 1 0.0 13.944 7.4444 5.9985
1118 31 1 0.0 13.944 1.5356 5.9985
1119 31 1 0.0 10.6646 7.4444 0.645
1120 31 1 0.0 10.6646 1.5356 0.645
1121 31 1 0.0 11.354 2.9544 5.9985
1122 31 1 0.0 11.354 6.0256 5.9985
1123 31 2 0.0 13.0194 4.49 0.1485
1124 31 2 0.0 14.649 6.5374 0.0
1125 31 2 0.0 14.649 2.4426 0.0
1126 31 2 0.0 12.9262 0.0 2.28
1127 31 2 0.0 13.3033 6.2052 2.2305
1128 31 2 0.0 13.324 2.7748 2.2305
1129 31 2 0.0 14.1792 0.0 6.4935
1130 31 2 0.0 12.5496 2.0474 6.642
1132 31 2 0.0 14.2725 4.49 4.362
1133 31 2 0.0 13.8948 1.7152 4.4115
1134 31 2 0.0 13.8741 7.2648 4.4115
1135 31 2 0.0 10.4294 0.0 0.1485
1136 31 2 0.0 12.059 2.0474 0.0
1137 31 2 0.0 12.059 6.9326 0.0
1138 31 2 0.0 15.5162 4.49 2.28
1139 31 2 0.0 10.7133 1.7152 2.2305
1140 31 2 0.0 10.734 7.2648 2.2305
1131 31 2 0.0 11.5892 4.49 6.4935
1141 31 2 0.0 15.1396 6.5374 6.642
1142 31 2 0.0 15.1396 2.4426 6.642
1143 31 2 0.0 11.6825 0.0 4.362
1144 31 2 0.0 11.3048 6.2052 4.4115
1145 31 2 0.0 11.2841 2.7748 4.4115
1146 31 5 0.0 11.3406 0.0 10.8225
1147 31 5 0.0 13.9306 4.49 10.8225
1148 32 3 0.0 14.8941 2.9903 18.321
1149 32 3 0.0 14.8941 5.9897 18.321
1150 32 3 0.0 12.3041 7.4803 18.321
1151 32 3 0.0 12.3041 1.4997 18.321
1152 32 1 0.0 13.2546 2.9544 15.645
1153 32 1 0.0 13.2546 6.0256 15.645
1154 32 1 0.0 13.944 7.4444 20.9985
1155 32 1 0.0 13.944 1.5356 20.9985
1156 32 1 0.0 10.6646 7.4444 15.645
1157 32 1 0.0 10.6646 1.5356 15.645
1158 32 1 0.0 11.354 2.9544 20.9985
1159 32 1 0.0 11.354 6.0256 20.9985
1160 32 2 0.0 13.0194 4.49 15.1485
1161 32 2 0.0 14.649 6.5374 15.0
1162 32 2 0.0 14.649 2.4426 15.0
1163 32 2 0.0 12.9262 0.0 17.28
1164 32 2 0.0 13.3033 6.2052 17.2305
1165 32 2 0.0 13.324 2.7748 17.2305
1166 32 2 0.0 14.1792 0.0 21.4935
1167 32 2 0.0 12.5496 2.0474 21.642
1169 32 2 0.0 14.2725 4.49 19.362
1170 32 2 0.0 13.8948 1.7152 19.4115
1171 32 2 0.0 13.8741 7.2648 19.4115
1172 32 2 0.0 10.4294 0.0 15.1485
1173 32 2 0.0 12.059 2.0474 15.0
1174 32 2 0.0 12.059 6.9326 15.0
1175 32 2 0.0 15.5162 4.49 17.28
1176 32 2 0.0 10.7133 1.7152 17.2305
1177 32 2 0.0 10.734 7.2648 17.2305
1168 32 2 0.0 11.5892 4.49 21.4935
1178 32 2 0.0 15.1396 6.5374 21.642
1179 32 2 0.0 15.1396 2.4426 21.642
1180 32 2 0.0 11.6825 0.0 19.362
1181 32 2 0.0 11.3048 6.2052 19.4115
1182 32 2 0.0 11.2841 2.7748 19.4115
1183 32 5 0.0 11.3406 0.0 25.8225
1184 32 5 0.0 13.9306 4.49 25.8225
1185 33 3 0.0 14.8941 2.9903 33.321
1186 33 3 0.0 14.8941 5.9897 33.321
1187 33 3 0.0 12.3041 7.4803 33.321
1188 33 3 0.0 12.3041 1.4997 33.321
1189 33 1 0.0 13.2546 2.9544 30.645
1190 33 1 0.0 13.2546 6.0256 30.645
1191 33 1 0.0 13.944 7.4444 35.9985
1192 33 1 0.0 13.944 1.5356 35.9985
1193 33 1 0.0 10.6646 7.4444 30.645
1194 33 1 0.0 10.6646 1.5356 30.645
1195 33 1 0.0 11.354 2.9544 35.9985
1196 33 1 0.0 11.354 6.0256 35.9985
1197 33 2 0.0 13.0194 4.49 30.1485
1198 33 2 0.0 14.649 6.5374 30.0
1199 33 2 0.0 14.649 2.4426 30.0
1200 33 2 0.0 12.9262 0.0 32.28
1201 33 2 0.0 13.3033 6.2052 32.2305
1202 33 2 0.0 13.324 2.7748 32.2305
1203 33 2 0.0 14.1792 0.0 36.4935
1204 33 2 0.0 12.5496 2.0474 36.642
1206 33 2 0.0 14.2725 4.49 34.362
1207 33 2 0.0 13.8948 1.7152 34.4115
1208 33 2 0.0 13.8741 7.2648 34.4115
1209 33 2 0.0 10.4294 0.0 30.1485
1210 33 2 0.0 12.059 2.0474 30.0
1211 33 2 0.0 12.059 6.9326 30.0
1212 33 2 0.0 15.5162 4.49 32.28
1213 33 2 0.0 10.7133 1.7152 32.2305
1214 33 2 0.0 10.734 7.2648 32.2305
1205 33 2 0.0 11.5892 4.49 36.4935
1215 33 2 0.0 15.1396 6.5374 36.642
1216 33 2 0.0 15.1396 2.4426 36.642
1217 33 2 0.0 11.6825 0.0 34.362
1218 33 2 0.0 11.3048 6.2052 34.4115
1219 33 2 0.0 11.2841 2.7748 34.4115
1220 33 5 0.0 11.3406 0.0 40.8225
1221 33 5 0.0 13.9306 4.49 40.8225
1222 34 3 0.0 14.8941 11.9703 3.321
1223 34 3 0.0 14.8941 14.9697 3.321
1224 34 3 0.0 12.3041 16.4603 3.321
1225 34 3 0.0 12.3041 10.4797 3.321
1226 34 1 0.0 13.2546 11.9344 0.645
1227 34 1 0.0 13.2546 15.0056 0.645
1228 34 1 0.0 13.944 16.4244 5.9985
1229 34 1 0.0 13.944 10.5156 5.9985
1230 34 1 0.0 10.6646 16.4244 0.645
1231 34 1 0.0 10.6646 10.5156 0.645
1232 34 1 0.0 11.354 11.9344 5.9985
1233 34 1 0.0 11.354 15.0056 5.9985
1234 34 2 0.0 13.0194 13.47 0.1485
1235 34 2 0.0 14.649 15.5174 0.0
1236 34 2 0.0 14.649 11.4226 0.0
1237 34 2 0.0 12.9262 8.98 2.28
1238 34 2 0.0 13.3033 15.1852 2.2305
1239 34 2 0.0 13.324 11.7548 2.2305
1240 34 2 0.0 14.1792 8.98 6.4935
1241 34 2 0.0 12.5496 11.0274 6.642
1243 34 2 0.0 14.2725 13.47 4.362
1244 34 2 0.0 13.8948 10.6952 4.4115
1245 34 2 0.0 13.8741 16.2448 4.4115
1246 34 2 0.0 10.4294 8.98 0.1485
1247 34 2 0.0 12.059 11.0274 0.0
1248 34 2 0.0 12.059 15.9126 0.0
1249 34 2 0.0 15.5162 13.47 2.28
1250 34 2 0.0 10.7133 10.6952 2.2305
1251 34 2 0.0 10.734 16.2448 2.2305
1242 34 2 0.0 11.5892 13.47 6.4935
1252 34 2 0.0 15.1396 15.5174 6.642
1253 34 2 0.0 15.1396 11.4226 6.642
1254 34 2 0.0 11.6825 8.98 4.362
1255 34 2 0.0 11.3048 15.1852 4.4115
1256 34 2 0.0 11.2841 11.7548 4.4115
1257 34 5 0.0 11.3406 8.98 10.8225
1258 34 5 0.0 13.9306 13.47 10.8225
1259 35 3 0.0 14.8941 11.9703 18.321
1260 35 3 0.0 14.8941 14.9697 18.321
1261 35 3 0.0 12.3041 16.4603 18.321
1262 35 3 0.0 12.3041 10.4797 18.321
1263 35 1 0.0 13.2546 11.9344 15.645
1264 35 1 0.0 13.2546 15.0056 15.645
1265 35 1 0.0 13.944 16.4244 20.9985
1266 35 1 0.0 13.944 10.5156 20.9985
1267 35 1 0.0 10.6646 16.4244 15.645
1268 35 1 0.0 10.6646 10.5156 15.645
1269 35 1 0.0 11.354 11.9344 20.9985
1270 35 1 0.0 11.354 15.0056 20.9985
1271 35 2 0.0 13.0194 13.47 15.1485
1272 35 2 0.0 14.649 15.5174 15.0
1273 35 2 0.0 14.649 11.4226 15.0
1274 35 2 0.0 12.9262 8.98 17.28
1275 35 2 0.0 13.3033 15.1852 17.2305
1276 35 2 0.0 13.324 11.7548 17.2305
1277 35 2 0.0 14.1792 8.98 21.4935
1278 35 2 0.0 12.5496 11.0274 21.642
1280 35 2 0.0 14.2725 13.47 19.362
1281 35 2 0.0 13.8948 10.6952 19.4115
1282 35 2 0.0 13.8741 16.2448 19.4115
1283 35 2 0.0 10.4294 8.98 15.1485
1284 35 2 0.0 12.059 11.0274 15.0
1285 35 2 0.0 12.059 15.9126 15.0
1286 35 2 0.0 15.5162 13.47 17.28
1287 35 2 0.0 10.7133 10.6952 17.2305
1288 35 2 0.0 10.734 16.2448 17.2305
1279 35 2 0.0 11.5892 13.47 21.4935
1289 35 2 0.0 15.1396 15.5174 21.642
1290 35 2 0.0 15.1396 11.4226 21.642
1291 35 2 0.0 11.6825 8.98 19.362
1292 35 2 0.0 11.3048 15.1852 19.4115
1293 35 2 0.0 11.2841 11.7548 19.4115
1294 35 5 0.0 11.3406 8.98 25.8225
1295 35 5 0.0 13.9306 13.47 25.8225
1296 36 3 0.0 14.8941 11.9703 33.321
1297 36 3 0.0 14.8941 14.9697 33.321
1298 36 3 0.0 12.3041 16.4603 33.321
1299 36 3 0.0 12.3041 10.4797 33.321
1300 36 1 0.0 13.2546 11.9344 30.645
1301 36 1 0.0 13.2546 15.0056 30.645
1302 36 1 0.0 13.944 16.4244 35.9985
1303 36 1 0.0 13.944 10.5156 35.9985
1304 36 1 0.0 10.6646 16.4244 30.645
1305 36 1 0.0 10.6646 10.5156 30.645
1306 36 1 0.0 11.354 11.9344 35.9985
1307 36 1 0.0 11.354 15.0056 35.9985
1308 36 2 0.0 13.0194 13.47 30.1485
1309 36 2 0.0 14.649 15.5174 30.0
1310 36 2 0.0 14.649 11.4226 30.0
1311 36 2 0.0 12.9262 8.98 32.28
1312 36 2 0.0 13.3033 15.1852 32.2305
1313 36 2 0.0 13.324 11.7548 32.2305
1314 36 2 0.0 14.1792 8.98 36.4935
1315 36 2 0.0 12.5496 11.0274 36.642
1317 36 2 0.0 14.2725 13.47 34.362
1318 36 2 0.0 13.8948 10.6952 34.4115
1319 36 2 0.0 13.8741 16.2448 34.4115
1320 36 2 0.0 10.4294 8.98 30.1485
1321 36 2 0.0 12.059 11.0274 30.0
1322 36 2 0.0 12.059 15.9126 30.0
1323 36 2 0.0 15.5162 13.47 32.28
1324 36 2 0.0 10.7133 10.6952 32.2305
1325 36 2 0.0 10.734 16.2448 32.2305
1316 36 2 0.0 11.5892 13.47 36.4935
1326 36 2 0.0 15.1396 15.5174 36.642
1327 36 2 0.0 15.1396 11.4226 36.642
1328 36 2 0.0 11.6825 8.98 34.362
1329 36 2 0.0 11.3048 15.1852 34.4115
1330 36 2 0.0 11.2841 11.7548 34.4115
1331 36 5 0.0 11.3406 8.98 40.8225
1332 36 5 0.0 13.9306 13.47 40.8225
1333 37 3 0.0 14.8941 20.9503 3.321
1334 37 3 0.0 14.8941 23.9497 3.321
1335 37 3 0.0 12.3041 25.4403 3.321
1336 37 3 0.0 12.3041 19.4597 3.321
1337 37 1 0.0 13.2546 20.9144 0.645
1338 37 1 0.0 13.2546 23.9856 0.645
1339 37 1 0.0 13.944 25.4044 5.9985
1340 37 1 0.0 13.944 19.4956 5.9985
1341 37 1 0.0 10.6646 25.4044 0.645
1342 37 1 0.0 10.6646 19.4956 0.645
1343 37 1 0.0 11.354 20.9144 5.9985
1344 37 1 0.0 11.354 23.9856 5.9985
1345 37 2 0.0 13.0194 22.45 0.1485
1346 37 2 0.0 14.649 24.4974 0.0
1347 37 2 0.0 14.649 20.4026 0.0
1348 37 2 0.0 12.9262 17.96 2.28
1349 37 2 0.0 13.3033 24.1652 2.2305
1350 37 2 0.0 13.324 20.7348 2.2305
1351 37 2 0.0 14.1792 17.96 6.4935
1352 37 2 0.0 12.5496 20.0074 6.642
1354 37 2 0.0 14.2725 22.45 4.362
1355 37 2 0.0 13.8948 19.6752 4.4115
1356 37 2 0.0 13.8741 25.2248 4.4115
1357 37 2 0.0 10.4294 17.96 0.1485
1358 37 2 0.0 12.059 20.0074 0.0
1359 37 2 0.0 12.059 24.8926 0.0
1360 37 2 0.0 15.5162 22.45 2.28
1361 37 2 0.0 10.7133 19.6752 2.2305
1362 37 2 0.0 10.734 25.2248 2.2305
1353 37 2 0.0 11.5892 22.45 6.4935
1363 37 2 0.0 15.1396 24.4974 6.642
1364 37 2 0.0 15.1396 20.4026 6.642
1365 37 2 0.0 11.6825 17.96 4.362
1366 37 2 0.0 11.3048 24.1652 4.4115
1367 37 2 0.0 11.2841 20.7348 4.4115
1368 37 5 0.0 11.3406 17.96 10.8225
1369 37 5 0.0 13.9306 22.45 10.8225
1370 38 3 0.0 14.8941 20.9503 18.321
1371 38 3 0.0 14.8941 23.9497 18.321
1372 38 3 0.0 12.3041 25.4403 18.321
1373 38 3 0.0 12.3041 19.4597 18.321
1374 38 1 0.0 13.2546 20.9144 15.645
1375 38 1 0.0 13.2546 23.9856 15.645
1376 38 1 0.0 13.944 25.4044 20.9985
1377 38 1 0.0 13.944 19.4956 20.9985
1378 38 1 0.0 10.6646 25.4044 15.645
1379 38 1 0.0 10.6646 19.4956 15.645
1380 38 1 0.0 11.354 20.9144 20.9985
1381 38 1 0.0 11.354 23.9856 20.9985
1382 38 2 0.0 13.0194 22.45 15.1485
1383 38 2 0.0 14.649 24.4974 15.0
1384 38 2 0.0 14.649 20.4026 15.0
1385 38 2 0.0 12.9262 17.96 17.28
1386 38 2 0.0 13.3033 24.1652 17.2305
1387 38 2 0.0 13.324 20.7348 17.2305
1388 38 2 0.0 14.1792 17.96 21.4935
1389 38 2 0.0 12.5496 20.0074 21.642
1391 38 2 0.0 14.2725 22.45 19.362
1392 38 2 0.0 13.8948 19.6752 19.4115
1393 38 2 0.0 13.8741 25.2248 19.4115
1394 38 2 0.0 10.4294 17.96 15.1485
1395 38 2 0.0 12.059 20.0074 15.0
1396 38 2 0.0 12.059 24.8926 15.0
1397 38 2 0.0 15.5162 22.45 17.28
1398 38 2 0.0 10.7133 19.6752 17.2305
1399 38 2 0.0 10.734 25.2248 17.2305
1390 38 2 0.0 11.5892 22.45 21.4935
1400 38 2 0.0 15.1396 24.4974 21.642
1401 38 2 0.0 15.1396 20.4026 21.642
1402 38 2 0.0 11.6825 17.96 19.362
1403 38 2 0.0 11.3048 24.1652 19.4115
1404 38 2 0.0 11.2841 20.7348 19.4115
1405 38 5 0.0 11.3406 17.96 25.8225
1406 38 5 0.0 13.9306 22.45 25.8225
1407 39 3 0.0 14.8941 20.9503 33.321
1408 39 3 0.0 14.8941 23.9497 33.321
1409 39 3 0.0 12.3041 25.4403 33.321
1410 39 3 0.0 12.3041 19.4597 33.321
1411 39 1 0.0 13.2546 20.9144 30.645
1412 39 1 0.0 13.2546 23.9856 30.645
1413 39 1 0.0 13.944 25.4044 35.9985
1414 39 1 0.0 13.944 19.4956 35.9985
1415 39 1 0.0 10.6646 25.4044 30.645
1416 39 1 0.0 10.6646 19.4956 30.645
1417 39 1 0.0 11.354 20.9144 35.9985
1418 39 1 0.0 11.354 23.9856 35.9985
1419 39 2 0.0 13.0194 22.45 30.1485
1420 39 2 0.0 14.649 24.4974 30.0
1421 39 2 0.0 14.649 20.4026 30.0
1422 39 2 0.0 12.9262 17.96 32.28
1423 39 2 0.0 13.3033 24.1652 32.2305
1424 39 2 0.0 13.324 20.7348 32.2305
1425 39 2 0.0 14.1792 17.96 36.4935
1426 39 2 0.0 12.5496 20.0074 36.642
1428 39 2 0.0 14.2725 22.45 34.362
1429 39 2 0.0 13.8948 19.6752 34.4115
1430 39 2 0.0 13.8741 25.2248 34.4115
1431 39 2 0.0 10.4294 17.96 30.1485
1432 39 2 0.0 12.059 20.0074 30.0
1433 39 2 0.0 12.059 24.8926 30.0
1434 39 2 0.0 15.5162 22.45 32.28
1435 39 2 0.0 10.7133 19.6752 32.2305
1436 39 2 0.0 10.734 25.2248 32.2305
1427 39 2 0.0 11.5892 22.45 36.4935
1437 39 2 0.0 15.1396 24.4974 36.642
1438 39 2 0.0 15.1396 20.4026 36.642
1439 39 2 0.0 11.6825 17.96 34.362
1440 39 2 0.0 11.3048 24.1652 34.4115
1441 39 2 0.0 11.2841 20.7348 34.4115
1442 39 5 0.0 11.3406 17.96 40.8225
1443 39 5 0.0 13.9306 22.45 40.8225
1444 40 3 0.0 14.8941 29.9303 3.321
1445 40 3 0.0 14.8941 32.9297 3.321
1446 40 3 0.0 12.3041 34.4203 3.321
1447 40 3 0.0 12.3041 28.4397 3.321
1448 40 1 0.0 13.2546 29.8944 0.645
1449 40 1 0.0 13.2546 32.9656 0.645
1450 40 1 0.0 13.944 34.3844 5.9985
1451 40 1 0.0 13.944 28.4756 5.9985
1452 40 1 0.0 10.6646 34.3844 0.645
1453 40 1 0.0 10.6646 28.4756 0.645
1454 40 1 0.0 11.354 29.8944 5.9985
1455 40 1 0.0 11.354 32.9656 5.9985
1456 40 2 0.0 13.0194 31.43 0.1485
1457 40 2 0.0 14.649 33.4774 0.0
1458 40 2 0.0 14.649 29.3826 0.0
1459 40 2 0.0 12.9262 26.94 2.28
1460 40 2 0.0 13.3033 33.1452 2.2305
1461 40 2 0.0 13.324 29.7148 2.2305
1462 40 2 0.0 14.1792 26.94 6.4935
1463 40 2 0.0 12.5496 28.9874 6.642
1465 40 2 0.0 14.2725 31.43 4.362
1466 40 2 0.0 13.8948 28.6552 4.4115
1467 40 2 0.0 13.8741 34.2048 4.4115
1468 40 2 0.0 10.4294 26.94 0.1485
1469 40 2 0.0 12.059 28.9874 0.0
1470 40 2 0.0 12.059 33.8726 0.0
1471 40 2 0.0 15.5162 31.43 2.28
1472 40 2 0.0 10.7133 28.6552 2.2305
1473 40 2 0.0 10.734 34.2048 2.2305
1464 40 2 0.0 11.5892 31.43 6.4935
1474 40 2 0.0 15.1396 33.4774 6.642
1475 40 2 0.0 15.1396 29.3826 6.642
1476 40 2 0.0 11.6825 26.94 4.362
1477 40 2 0.0 11.3048 33.1452 4.4115
1478 40 2 0.0 11.2841 29.7148 4.4115
1479 40 5 0.0 11.3406 26.94 10.8225
1480 40 5 0.0 13.9306 31.43 10.8225
1481 41 3 0.0 14.8941 29.9303 18.321
1482 41 3 0.0 14.8941 32.9297 18.321
1483 41 3 0.0 12.3041 34.4203 18.321
1484 41 3 0.0 12.3041 28.4397 18.321
1485 41 1 0.0 13.2546 29.8944 15.645
1486 41 1 0.0 13.2546 32.9656 15.645
1487 41 1 0.0 13.944 34.3844 20.9985
1488 41 1 0.0 13.944 28.4756 20.9985
1489 41 1 0.0 10.6646 34.3844 15.645
1490 41 1 0.0 10.6646 28.4756 15.645
1491 41 1 0.0 11.354 29.8944 20.9985
1492 41 1 0.0 11.354 32.9656 20.9985
1493 41 2 0.0 13.0194 31.43 15.1485
1494 41 2 0.0 14.649 33.4774 15.0
1495 41 2 0.0 14.649 29.3826 15.0
1496 41 2 0.0 12.9262 26.94 17.28
1497 41 2 0.0 13.3033 33.1452 17.2305
1498 41 2 0.0 13.324 29.7148 17.2305
1499 41 2 0.0 14.1792 26.94 21.4935
1500 41 2 0.0 12.5496 28.9874 21.642
1502 41 2 0.0 14.2725 31.43 19.362
1503 41 2 0.0 13.8948 28.6552 19.4115
1504 41 2 0.0 13.8741 34.2048 19.4115
1505 41 2 0.0 10.4294 26.94 15.1485
1506 41 2 0.0 12.059 28.9874 15.0
1507 41 2 0.0 12.059 33.8726 15.0
1508 41 2 0.0 15.5162 31.43 17.28
1509 41 2 0.0 10.7133 28.6552 17.2305
1510 41 2 0.0 10.734 34.2048 17.2305
1501 41 2 0.0 11.5892 31.43 21.4935
1511 41 2 0.0 15.1396 33.4774 21.642
1512 41 2 0.0 15.1396 29.3826 21.642
1513 41 2 0.0 11.6825 26.94 19.362
1514 41 2 0.0 11.3048 33.1452 19.4115
1515 41 2 0.0 11.2841 29.7148 19.4115
1516 41 5 0.0 11.3406 26.94 25.8225
1517 41 5 0.0 13.9306 31.43 25.8225
1518 42 3 0.0 14.8941 29.9303 33.321
1519 42 3 0.0 14.8941 32.9297 33.321
1520 42 3 0.0 12.3041 34.4203 33.321
1521 42 3 0.0 12.3041 28.4397 33.321
1522 42 1 0.0 13.2546 29.8944 30.645
1523 42 1 0.0 13.2546 32.9656 30.645
1524 42 1 0.0 13.944 34.3844 35.9985
1525 42 1 0.0 13.944 28.4756 35.9985
1526 42 1 0.0 10.6646 34.3844 30.645
1527 42 1 0.0 10.6646 28.4756 30.645
1528 42 1 0.0 11.354 29.8944 35.9985
1529 42 1 0.0 11.354 32.9656 35.9985
1530 42 2 0.0 13.0194 31.43 30.1485
1531 42 2 0.0 14.649 33.4774 30.0
1532 42 2 0.0 14.649 29.3826 30.0
1533 42 2 0.0 12.9262 26.94 32.28
1534 42 2 0.0 13.3033 33.1452 32.2305
1535 42 2 0.0 13.324 29.7148 32.2305
1536 42 2 0.0 14.1792 26.94 36.4935
1537 42 2 0.0 12.5496 28.9874 36.642
1539 42 2 0.0 14.2725 31.43 34.362
1540 42 2 0.0 13.8948 28.6552 34.4115
1541 42 2 0.0 13.8741 34.2048 34.4115
1542 42 2 0.0 10.4294 26.94 30.1485
1543 42 2 0.0 12.059 28.9874 30.0
1544 42 2 0.0 12.059 33.8726 30.0
1545 42 2 0.0 15.5162 31.43 32.28
1546 42 2 0.0 10.7133 28.6552 32.2305
1547 42 2 0.0 10.734 34.2048 32.2305
1538 42 2 0.0 11.5892 31.43 36.4935
1548 42 2 0.0 15.1396 33.4774 36.642
1549 42 2 0.0 15.1396 29.3826 36.642
1550 42 2 0.0 11.6825 26.94 34.362
1551 42 2 0.0 11.3048 33.1452 34.4115
1552 42 2 0.0 11.2841 29.7148 34.4115
1553 42 5 0.0 11.3406 26.94 40.8225
1554 42 5 0.0 13.9306 31.43 40.8225
1555 43 3 0.0 14.8941 38.9103 3.321
1556 43 3 0.0 14.8941 41.9097 3.321
1557 43 3 0.0 12.3041 43.4003 3.321
1558 43 3 0.0 12.3041 37.4197 3.321
1559 43 1 0.0 13.2546 38.8744 0.645
1560 43 1 0.0 13.2546 41.9456 0.645
1561 43 1 0.0 13.944 43.3644 5.9985
1562 43 1 0.0 13.944 37.4556 5.9985
1563 43 1 0.0 10.6646 43.3644 0.645
1564 43 1 0.0 10.6646 37.4556 0.645
1565 43 1 0.0 11.354 38.8744 5.9985
1566 43 1 0.0 11.354 41.9456 5.9985
1567 43 2 0.0 13.0194 40.41 0.1485
1568 43 2 0.0 14.649 42.4574 0.0
1569 43 2 0.0 14.649 38.3626 0.0
1570 43 2 0.0 12.9262 35.92 2.28
1571 43 2 0.0 13.3033 42.1252 2.2305
1572 43 2 0.0 13.324 38.6948 2.2305
1573 43 2 0.0 14.1792 35.92 6.4935
1574 43 2 0.0 12.5496 37.9674 6.642
1576 43 2 0.0 14.2725 40.41 4.362
1577 43 2 0.0 13.8948 37.6352 4.4115
1578 43 2 0.0 13.8741 43.1848 4.4115
1579 43 2 0.0 10.4294 35.92 0.1485
1580 43 2 0.0 12.059 37.9674 0.0
1581 43 2 0.0 12.059 42.8526 0.0
1582 43 2 0.0 15.5162 40.41 2.28
1583 43 2 0.0 10.7133 37.6352 2.2305
1584 43 2 0.0 10.734 43.1848 2.2305
1575 43 2 0.0 11.5892 40.41 6.4935
1585 43 2 0.0 15.1396 42.4574 6.642
1586 43 2 0.0 15.1396 38.3626 6.642
1587 43 2 0.0 11.6825 35.92 4.362
1588 43 2 0.0 11.3048 42.1252 4.4115
1589 43 2 0.0 11.2841 38.6948 4.4115
1590 43 5 0.0 11.3406 35.92 10.8225
1591 43 5 0.0 13.9306 40.41 10.8225
1592 44 3 0.0 14.8941 38.9103 18.321
1593 44 3 0.0 14.8941 41.9097 18.321
1594 44 3 0.0 12.3041 43.4003 18.321
1595 44 3 0.0 12.3041 37.4197 18.321
1596 44 1 0.0 13.2546 38.8744 15.645
1597 44 1 0.0 13.2546 41.9456 15.645
1598 44 1 0.0 13.944 43.3644 20.9985
1599 44 1 0.0 13.944 37.4556 20.9985
1600 44 1 0.0 10.6646 43.3644 15.645
1601 44 1 0.0 10.6646 37.4556 15.645
1602 44 1 0.0 11.354 38.8744 20.9985
1603 44 1 0.0 11.354 41.9456 20.9985
1604 44 2 0.0 13.0194 40.41 15.1485
1605 44 2 0.0 14.649 42.4574 15.0
1606 44 2 0.0 14.649 38.3626 15.0
1607 44 2 0.0 12.9262 35.92 17.28
1608 44 2 0.0 13.3033 42.1252 17.2305
1609 44 2 0.0 13.324 38.6948 17.2305
1610 44 2 0.0 14.1792 35.92 21.4935
1611 44 2 0.0 12.5496 37.9674 21.642
1613 44 2 0.0 14.2725 40.41 19.362
1614 44 2 0.0 13.8948 37.6352 19.4115
1615 44 2 0.0 13.8741 43.1848 19.4115
1616 44 2 0.0 10.4294 35.92 15.1485
1617 44 2 0.0 12.059 37.9674 15.0
1618 44 2 0.0 12.059 42.8526 15.0
1619 44 2 0.0 15.5162 40.41 17.28
1620 44 2 0.0 10.7133 37.6352 17.2305
1621 44 2 0.0 10.734 43.1848 17.2305
1612 44 2 0.0 11.5892 40.41 21.4935
1622 44 2 0.0 15.1396 42.4574 21.642
1623 44 2 0.0 15.1396 38.3626 21.642
1624 44 2 0.0 11.6825 35.92 19.362
1625 44 2 0.0 11.3048 42.1252 19.4115
1626 44 2 0.0 11.2841 38.6948 19.4115
1627 44 5 0.0 11.3406 35.92 25.8225
1628 44 5 0.0 13.9306 40.41 25.8225
1629 45 3 0.0 14.8941 38.9103 33.321
1630 45 3 0.0 14.8941 41.9097 33.321
1631 45 3 0.0 12.3041 43.4003 33.321
1632 45 3 0.0 12.3041 37.4197 33.321
1633 45 1 0.0 13.2546 38.8744 30.645
1634 45 1 0.0 13.2546 41.9456 30.645
1635 45 1 0.0 13.944 43.3644 35.9985
1636 45 1 0.0 13.944 37.4556 35.9985
1637 45 1 0.0 10.6646 43.3644 30.645
1638 45 1 0.0 10.6646 37.4556 30.645
1639 45 1 0.0 11.354 38.8744 35.9985
1640 45 1 0.0 11.354 41.9456 35.9985
1641 45 2 0.0 13.0194 40.41 30.1485
1642 45 2 0.0 14.649 42.4574 30.0
1643 45 2 0.0 14.649 38.3626 30.0
1644 45 2 0.0 12.9262 35.92 32.28
1645 45 2 0.0 13.3033 42.1252 32.2305
1646 45 2 0.0 13.324 38.6948 32.2305
1647 45 2 0.0 14.1792 35.92 36.4935
1648 45 2 0.0 12.5496 37.9674 36.642
1650 45 2 0.0 14.2725 40.41 34.362
1651 45 2 0.0 13.8948 37.6352 34.4115
1652 45 2 0.0 13.8741 43.1848 34.4115
1653 45 2 0.0 10.4294 35.92 30.1485
1654 45 2 0.0 12.059 37.9674 30.0
1655 45 2 0.0 12.059 42.8526 30.0
1656 45 2 0.0 15.5162 40.41 32.28
1657 45 2 0.0 10.7133 37.6352 32.2305
1658 45 2 0.0 10.734 43.1848 32.2305
1649 45 2 0.0 11.5892 40.41 36.4935
1659 45 2 0.0 15.1396 42.4574 36.642
1660 45 2 0.0 15.1396 38.3626 36.642
1661 45 2 0.0 11.6825 35.92 34.362
1662 45 2 0.0 11.3048 42.1252 34.4115
1663 45 2 0.0 11.2841 38.6948 34.4115
1664 45 5 0.0 11.3406 35.92 40.8225
1665 45 5 0.0 13.9306 40.41 40.8225
1666 46 3 0.0 20.0741 2.9903 3.321
1667 46 3 0.0 20.0741 5.9897 3.321
1668 46 3 0.0 17.4841 7.4803 3.321
1669 46 3 0.0 17.4841 1.4997 3.321
1670 46 1 0.0 18.4346 2.9544 0.645
1671 46 1 0.0 18.4346 6.0256 0.645
1672 46 1 0.0 19.124 7.4444 5.9985
1673 46 1 0.0 19.124 1.5356 5.9985
1674 46 1 0.0 15.8446 7.4444 0.645
1675 46 1 0.0 15.8446 1.5356 0.645
1676 46 1 0.0 16.534 2.9544 5.9985
1677 46 1 0.0 16.534 6.0256 5.9985
1678 46 2 0.0 18.1994 4.49 0.1485
1679 46 2 0.0 19.829 6.5374 0.0
1680 46 2 0.0 19.829 2.4426 0.0
1681 46 2 0.0 18.1062 0.0 2.28
1682 46 2 0.0 18.4833 6.2052 2.2305
1683 46 2 0.0 18.504 2.7748 2.2305
1684 46 2 0.0 19.3592 0.0 6.4935
1685 46 2 0.0 17.7296 2.0474 6.642
1687 46 2 0.0 19.4525 4.49 4.362
1688 46 2 0.0 19.0748 1.7152 4.4115
1689 46 2 0.0 19.0541 7.2648 4.4115
1690 46 2 0.0 15.6094 0.0 0.1485
1691 46 2 0.0 17.239 2.0474 0.0
1692 46 2 0.0 17.239 6.9326 0.0
1693 46 2 0.0 20.6962 4.49 2.28
1694 46 2 0.0 15.8933 1.7152 2.2305
1695 46 2 0.0 15.914 7.2648 2.2305
1686 46 2 0.0 16.7692 4.49 6.4935
1696 46 2 0.0 20.3196 6.5374 6.642
1697 46 2 0.0 20.3196 2.4426 6.642
1698 46 2 0.0 16.8625 0.0 4.362
1699 46 2 0.0 16.4848 6.2052 4.4115
1700 46 2 0.0 16.4641 2.7748 4.4115
1701 46 5 0.0 16.5206 0.0 10.8225
1702 46 5 0.0 19.1106 4.49 10.8225
1703 47 3 0.0 20.0741 2.9903 18.321
1704 47 3 0.0 20.0741 5.9897 18.321
1705 47 3 0.0 17.4841 7.4803 18.321
1706 47 3 0.0 17.4841 1.4997 18.321
1707 47 1 0.0 18.4346 2.9544 15.645
1708 47 1 0.0 18.4346 6.0256 15.645
1709 47 1 0.0 19.124 7.4444 20.9985
1710 47 1 0.0 19.124 1.5356 20.9985
1711 47 1 0.0 15.8446 7.4444 15.645
1712 47 1 0.0 15.8446 1.5356 15.645
1713 47 1 0.0 16.534 2.9544 20.9985
1714 47 1 0.0 16.534 6.0256 20.9985
1715 47 2 0.0 18.1994 4.49 15.1485
1716 47 2 0.0 19.829 6.5374 15.0
1717 47 2 0.0 19.829 2.4426 15.0
1718 47 2 0.0 18.1062 0.0 17.28
1719 47 2 0.0 18.4833 6.2052 17.2305
1720 47 2 0.0 18.504 2.7748 17.2305
1721 47 2 0.0 19.3592 0.0 21.4935
1722 47 2 0.0 17.7296 2.0474 21.642
1724 47 2 0.0 19.4525 4.49 19.362
1725 47 2 0.0 19.0748 1.7152 19.4115
1726 47 2 0.0 19.0541 7.2648 19.4115
1727 47 2 0.0 15.6094 0.0 15.1485
1728 47 2 0.0 17.239 2.0474 15.0
1729 47 2 0.0 17.239 6.9326 15.0
1730 47 2 0.0 20.6962 4.49 17.28
1731 47 2 0.0 15.8933 1.7152 17.2305
1732 47 2 0.0 15.914 7.2648 17.2305
1723 47 2 0.0 16.7692 4.49 21.4935
1733 47 2 0.0 20.3196 6.5374 21.642
1734 47 2 0.0 20.3196 2.4426 21.642
1735 47 2 0.0 16.8625 0.0 19.362
1736 47 2 0.0 16.4848 6.2052 19.4115
1737 47 2 0.0 16.4641 2.7748 19.4115
1738 47 5 0.0 16.5206 0.0 25.8225
1739 47 5 0.0 19.1106 4.49 25.8225
1740 48 3 0.0 20.0741 2.9903 33.321
1741 48 3 0.0 20.0741 5.9897 33.321
1742 48 3 0.0 17.4841 7.4803 33.321
1743 48 3 0.0 17.4841 1.4997 33.321
1744 48 1 0.0 18.4346 2.9544 30.645
1745 48 1 0.0 18.4346 6.0256 30.645
1746 48 1 0.0 19.124 7.4444 35.9985
1747 48 1 0.0 19.124 1.5356 35.9985
1748 48 1 0.0 15.8446 7.4444 30.645
1749 48 1 0.0 15.8446 1.5356 30.645
1750 48 1 0.0 16.534 2.9544 35.9985
1751 48 1 0.0 16.534 6.0256 35.9985
1752 48 2 0.0 18.1994 4.49 30.1485
1753 48 2 0.0 19.829 6.5374 30.0
1754 48 2 0.0 19.829 2.4426 30.0
1755 48 2 0.0 18.1062 0.0 32.28
1756 48 2 0.0 18.4833 6.2052 32.2305
1757 48 2 0.0 18.504 2.7748 32.2305
1758 48 2 0.0 19.3592 0.0 36.4935
1759 48 2 0.0 17.7296 2.0474 36.642
1761 48 2 0.0 19.4525 4.49 34.362
1762 48 2 0.0 19.0748 1.7152 34.4115
1763 48 2 0.0 19.0541 7.2648 34.4115
1764 48 2 0.0 15.6094 0.0 30.1485
1765 48 2 0.0 17.239 2.0474 30.0
1766 48 2 0.0 17.239 6.9326 30.0
1767 48 2 0.0 20.6962 4.49 32.28
1768 48 2 0.0 15.8933 1.7152 32.2305
1769 48 2 0.0 15.914 7.2648 32.2305
1760 48 2 0.0 16.7692 4.49 36.4935
1770 48 2 0.0 20.3196 6.5374 36.642
1771 48 2 0.0 20.3196 2.4426 36.642
1772 48 2 0.0 16.8625 0.0 34.362
1773 48 2 0.0 16.4848 6.2052 34.4115
1774 48 2 0.0 16.4641 2.7748 34.4115
1775 48 5 0.0 16.5206 0.0 40.8225
1776 48 5 0.0 19.1106 4.49 40.8225
1777 49 3 0.0 20.0741 11.9703 3.321
1778 49 3 0.0 20.0741 14.9697 3.321
1779 49 3 0.0 17.4841 16.4603 3.321
1780 49 3 0.0 17.4841 10.4797 3.321
1781 49 1 0.0 18.4346 11.9344 0.645
1782 49 1 0.0 18.4346 15.0056 0.645
1783 49 1 0.0 19.124 16.4244 5.9985
1784 49 1 0.0 19.124 10.5156 5.9985
1785 49 1 0.0 15.8446 16.4244 0.645
1786 49 1 0.0 15.8446 10.5156 0.645
1787 49 1 0.0 16.534 11.9344 5.9985
1788 49 1 0.0 16.534 15.0056 5.9985
1789 49 2 0.0 18.1994 13.47 0.1485
1790 49 2 0.0 19.829 15.5174 0.0
1791 49 2 0.0 19.829 11.4226 0.0
1792 49 2 0.0 18.1062 8.98 2.28
1793 49 2 0.0 18.4833 15.1852 2.2305
1794 49 2 0.0 18.504 11.7548 2.2305
1795 49 2 0.0 19.3592 8.98 6.4935
1796 49 2 0.0 17.7296 11.0274 6.642
1798 49 2 0.0 19.4525 13.47 4.362
1799 49 2 0.0 19.0748 10.6952 4.4115
1800 49 2 0.0 19.0541 16.2448 4.4115
1801 49 2 0.0 15.6094 8.98 0.1485
1802 49 2 0.0 17.239 11.0274 0.0
1803 49 2 0.0 17.239 15.9126 0.0
1804 49 2 0.0 20.6962 13.47 2.28
1805 49 2 0.0 15.8933 10.6952 2.2305
1806 49 2 0.0 15.914 16.2448 2.2305
1797 49 2 0.0 16.7692 13.47 6.4935
1807 49 2 0.0 20.3196 15.5174 6.642
1808 49 2 0.0 20.3196 11.4226 6.642
1809 49 2 0.0 16.8625 8.98 4.362
1810 49 2 0.0 16.4848 15.1852 4.4115
1811 49 2 0.0 16.4641 11.7548 4.4115
1812 49 5 0.0 16.5206 8.98 10.8225
1813 49 5 0.0 19.1106 13.47 10.8225
1814 50 3 0.0 20.0741 11.9703 18.321
1815 50 3 0.0 20.0741 14.9697 18.321
1816 50 3 0.0 17.4841 16.4603 18.321
1817 50 3 0.0 17.4841 10.4797 18.321
1818 50 1 0.0 18.4346 11.9344 15.645
1819 50 1 0.0 18.4346 15.0056 15.645
1820 50 1 0.0 19.124 16.4244 20.9985
1821 50 1 0.0 19.124 10.5156 20.9985
1822 50 1 0.0 15.8446 16.4244 15.645
1823 50 1 0.0 15.8446 10.5156 15.645
1824 50 1 0.0 16.534 11.9344 20.9985
1825 50 1 0.0 16.534 15.0056 20.9985
1826 50 2 0.0 18.1994 13.47 15.1485
1827 50 2 0.0 19.829 15.5174 15.0
1828 50 2 0.0 19.829 11.4226 15.0
1829 50 2 0.0 18.1062 8.98 17.28
1830 50 2 0.0 18.4833 15.1852 17.2305
1831 50 2 0.0 18.504 11.7548 17.2305
1832 50 2 0.0 19.3592 8.98 21.4935
1833 50 2 0.0 17.7296 11.0274 21.642
1835 50 2 0.0 19.4525 13.47 19.362
1836 50 2 0.0 19.0748 10.6952 19.4115
1837 50 2 0.0 19.0541 16.2448 19.4115
1838 50 2 0.0 15.6094 8.98 15.1485
1839 50 2 0.0 17.239 11.0274 15.0
1840 50 2 0.0 17.239 15.9126 15.0
1841 50 2 0.0 20.6962 13.47 17.28
1842 50 2 0.0 15.8933 10.6952 17.2305
1843 50 2 0.0 15.914 16.2448 17.2305
1834 50 2 0.0 16.7692 13.47 21.4935
1844 50 2 0.0 20.3196 15.5174 21.642
1845 50 2 0.0 20.3196 11.4226 21.642
1846 50 2 0.0 16.8625 8.98 19.362
1847 50 2 0.0 16.4848 15.1852 19.4115
1848 50 2 0.0 16.4641 11.7548 19.4115
1849 50 5 0.0 16.5206 8.98 25.8225
1850 50 5 0.0 19.1106 13.47 25.8225
1851 51 3 0.0 20.0741 11.9703 33.321
1852 51 3 0.0 20.0741 14.9697 33.321
1853 51 3 0.0 17.4841 16.4603 33.321
1854 51 3 0.0 17.4841 10.4797 33.321
1855 51 1 0.0 18.4346 11.9344 30.645
1856 51 1 0.0 18.4346 15.0056 30.645
1857 51 1 0.0 19.124 16.4244 35.9985
1858 51 1 0.0 19.124 10.5156 35.9985
1859 51 1 0.0 15.8446 16.4244 30.645
1860 51 1 0.0 15.8446 10.5156 30.645
1861 51 1 0.0 16.534 11.9344 35.9985
1862 51 1 0.0 16.534 15.0056 35.9985
1863 51 2 0.0 18.1994 13.47 30.1485
1864 51 2 0.0 19.829 15.5174 30.0
1865 51 2 0.0 19.829 11.4226 30.0
1866 51 2 0.0 18.1062 8.98 32.28
1867 51 2 0.0 18.4833 15.1852 32.2305
1868 51 2 0.0 18.504 11.7548 32.2305
1869 51 2 0.0 19.3592 8.98 36.4935
1870 51 2 0.0 17.7296 11.0274 36.642
1872 51 2 0.0 19.4525 13.47 34.362
1873 51 2 0.0 19.0748 10.6952 34.4115
1874 51 2 0.0 19.0541 16.2448 34.4115
1875 51 2 0.0 15.6094 8.98 30.1485
1876 51 2 0.0 17.239 11.0274 30.0
1877 51 2 0.0 17.239 15.9126 30.0
1878 51 2 0.0 20.6962 13.47 32.28
1879 51 2 0.0 15.8933 10.6952 32.2305
1880 51 2 0.0 15.914 16.2448 32.2305
1871 51 2 0.0 16.7692 13.47 36.4935
1881 51 2 0.0 20.3196 15.5174 36.642
1882 51 2 0.0 20.3196 11.4226 36.642
1883 51 2 0.0 16.8625 8.98 34.362
1884 51 2 0.0 16.4848 15.1852 34.4115
1885 51 2 0.0 16.4641 11.7548 34.4115
1886 51 5 0.0 16.5206 8.98 40.8225
1887 51 5 0.0 19.1106 13.47 40.8225
1888 52 3 0.0 20.0741 20.9503 3.321
1889 52 3 0.0 20.0741 23.9497 3.321
1890 52 3 0.0 17.4841 25.4403 3.321
1891 52 3 0.0 17.4841 19.4597 3.321
1892 52 1 0.0 18.4346 20.9144 0.645
1893 52 1 0.0 18.4346 23.9856 0.645
1894 52 1 0.0 19.124 25.4044 5.9985
1895 52 1 0.0 19.124 19.4956 5.9985
1896 52 1 0.0 15.8446 25.4044 0.645
1897 52 1 0.0 15.8446 19.4956 0.645
1898 52 1 0.0 16.534 20.9144 5.9985
1899 52 1 0.0 16.534 23.9856 5.9985
1900 52 2 0.0 18.1994 22.45 0.1485
1901 52 2 0.0 19.829 24.4974 0.0
1902 52 2 0.0 19.829 20.4026 0.0
1903 52 2 0.0 18.1062 17.96 2.28
1904 52 2 0.0 18.4833 24.1652 2.2305
1905 52 2 0.0 18.504 20.7348 2.2305
1906 52 2 0.0 19.3592 17.96 6.4935
1907 52 2 0.0 17.7296 20.0074 6.642
1909 52 2 0.0 19.4525 22.45 4.362
1910 52 2 0.0 19.0748 19.6752 4.4115
1911 52 2 0.0 19.0541 25.2248 4.4115
1912 52 2 0.0 15.6094 17.96 0.1485
1913 52 2 0.0 17.239 20.0074 0.0
1914 52 2 0.0 17.239 24.8926 0.0
1915 52 2 0.0 20.6962 22.45 2.28
1916 52 2 0.0 15.8933 19.6752 2.2305
1917 52 2 0.0 15.914 25.2248 2.2305
1908 52 2 0.0 16.7692 22.45 6.4935
1918 52 2 0.0 20.3196 24.4974 6.642
1919 52 2 0.0 20.3196 20.4026 6.642
1920 52 2 0.0 16.8625 17.96 4.362
1921 52 2 0.0 16.4848 24.1652 4.4115
1922 52 2 0.0 16.4641 20.7348 4.4115
1923 52 5 0.0 16.5206 17.96 10.8225
1924 52 5 0.0 19.1106 22.45 10.8225
1925 53 3 0.0 20.0741 20.9503 18.321
1926 53 3 0.0 20.0741 23.9497 18.321
1927 53 3 0.0 17.4841 25.4403 18.321
1928 53 3 0.0 17.4841 19.4597 18.321
1929 53 1 0.0 18.4346 20.9144 15.645
1930 53 1 0.0 18.4346 23.9856 15.645
1931 53 1 0.0 19.124 25.4044 20.9985
1932 53 1 0.0 19.124 19.4956 20.9985
1933 53 1 0.0 15.8446 25.4044 15.645
1934 53 1 0.0 15.8446 19.4956 15.645
1935 53 1 0.0 16.534 20.9144 20.9985
1936 53 1 0.0 16.534 23.9856 20.9985
1937 53 2 0.0 18.1994 22.45 15.1485
1938 53 2 0.0 19.829 24.4974 15.0
1939 53 2 0.0 19.829 20.4026 15.0
1940 53 2 0.0 18.1062 17.96 17.28
1941 53 2 0.0 18.4833 24.1652 17.2305
1942 53 2 0.0 18.504 20.7348 17.2305
1943 53 2 0.0 19.3592 17.96 21.4935
1944 53 2 0.0 17.7296 20.0074 21.642
1946 53 2 0.0 19.4525 22.45 19.362
1947 53 2 0.0 19.0748 19.6752 19.4115
1948 53 2 0.0 19.0541 25.2248 19.4115
1949 53 2 0.0 15.6094 17.96 15.1485
1950 53 2 0.0 17.239 20.0074 15.0
1951 53 2 0.0 17.239 24.8926 15.0
1952 53 2 0.0 20.6962 22.45 17.28
1953 53 2 0.0 15.8933 19.6752 17.2305
1954 53 2 0.0 15.914 25.2248 17.2305
1945 53 2 0.0 16.7692 22.45 21.4935
1955 53 2 0.0 20.3196 24.4974 21.642
1956 53 2 0.0 20.3196 20.4026 21.642
1957 53 2 0.0 16.8625 17.96 19.362
1958 53 2 0.0 16.4848 24.1652 19.4115
1959 53 2 0.0 16.4641 20.7348 19.4115
1960 53 5 0.0 16.5206 17.96 25.8225
1961 53 5 0.0 19.1106 22.45 25.8225
1962 54 3 0.0 20.0741 20.9503 33.321
1963 54 3 0.0 20.0741 23.9497 33.321
1964 54 3 0.0 17.4841 25.4403 33.321
1965 54 3 0.0 17.4841 19.4597 33.321
1966 54 1 0.0 18.4346 20.9144 30.645
1967 54 1 0.0 18.4346 23.9856 30.645
1968 54 1 0.0 19.124 25.4044 35.9985
1969 54 1 0.0 19.124 19.4956 35.9985
1970 54 1 0.0 15.8446 25.4044 30.645
1971 54 1 0.0 15.8446 19.4956 30.645
1972 54 1 0.0 16.534 20.9144 35.9985
1973 54 1 0.0 16.534 23.9856 35.9985
1974 54 2 0.0 18.1994 22.45 30.1485
1975 54 2 0.0 19.829 24.4974 30.0
1976 54 2 0.0 19.829 20.4026 30.0
1977 54 2 0.0 18.1062 17.96 32.28
1978 54 2 0.0 18.4833 24.1652 32.2305
1979 54 2 0.0 18.504 20.7348 32.2305
1980 54 2 0.0 19.3592 17.96 36.4935
1981 54 2 0.0 17.7296 20.0074 36.642
1983 54 2 0.0 19.4525 22.45 34.362
1984 54 2 0.0 19.0748 19.6752 34.4115
1985 54 2 0.0 19.0541 25.2248 34.4115
1986 54 2 0.0 15.6094 17.96 30.1485
1987 54 2 0.0 17.239 20.0074 30.0
1988 54 2 0.0 17.239 24.8926 30.0
1989 54 2 0.0 20.6962 22.45 32.28
1990 54 2 0.0 15.8933 19.6752 32.2305
1991 54 2 0.0 15.914 25.2248 32.2305
1982 54 2 0.0 16.7692 22.45 36.4935
1992 54 2 0.0 20.3196 24.4974 36.642
1993 54 2 0.0 20.3196 20.4026 36.642
1994 54 2 0.0 16.8625 17.96 34.362
1995 54 2 0.0 16.4848 24.1652 34.4115
1996 54 2 0.0 16.4641 20.7348 34.4115
1997 54 5 0.0 16.5206 17.96 40.8225
1998 54 5 0.0 19.1106 22.45 40.8225
1999 55 3 0.0 20.0741 29.9303 3.321
2000 55 3 0.0 20.0741 32.9297 3.321
2001 55 3 0.0 17.4841 34.4203 3.321
2002 55 3 0.0 17.4841 28.4397 3.321
2003 55 1 0.0 18.4346 29.8944 0.645
2004 55 1 0.0 18.4346 32.9656 0.645
2005 55 1 0.0 19.124 34.3844 5.9985
2006 55 1 0.0 19.124 28.4756 5.9985
2007 55 1 0.0 15.8446 34.3844 0.645
2008 55 1 0.0 15.8446 28.4756 0.645
2009 55 1 0.0 16.534 29.8944 5.9985
2010 55 1 0.0 16.534 32.9656 5.9985
2011 55 2 0.0 18.1994 31.43 0.1485
2012 55 2 0.0 19.829 33.4774 0.0
2013 55 2 0.0 19.829 29.3826 0.0
2014 55 2 0.0 18.1062 26.94 2.28
2015 55 2 0.0 18.4833 33.1452 2.2305
2016 55 2 0.0 18.504 29.7148 2.2305
2017 55 2 0.0 19.3592 26.94 6.4935
2018 55 2 0.0 17.7296 28.9874 6.642
2020 55 2 0.0 19.4525 31.43 4.362
2021 55 2 0.0 19.0748 28.6552 4.4115
2022 55 2 0.0 19.0541 34.2048 4.4115
2023 55 2 0.0 15.6094 26.94 0.1485
2024 55 2 0.0 17.239 28.9874 0.0
2025 55 2 0.0 17.239 33.8726 0.0
2026 55 2 0.0 20.6962 31.43 2.28
2027 55 2 0.0 15.8933 28.6552 2.2305
2028 55 2 0.0 15.914 34.2048 2.2305
2019 55 2 0.0 16.7692 31.43 6.4935
2029 55 2 0.0 20.3196 33.4774 6.642
2030 55 2 0.0 20.3196 29.3826 6.642
2031 55 2 0.0 16.8625 26.94 4.362
2032 55 2 0.0 16.4848 33.1452 4.4115
2033 55 2 0.0 16.4641 29.7148 4.4115
2034 55 5 0.0 16.5206 26.94 10.8225
2035 55 5 0.0 19.1106 31.43 10.8225
2036 56 3 0.0 20.0741 29.9303 18.321
2037 56 3 0.0 20.0741 32.9297 18.321
2038 56 3 0.0 17.4841 34.4203 18.321
2039 56 3 0.0 17.4841 28.4397 18.321
2040 56 1 0.0 18.4346 29.8944 15.645
2041 56 1 0.0 18.4346 32.9656 15.645
2042 56 1 0.0 19.124 34.3844 20.9985
2043 56 1 0.0 19.124 28.4756 20.9985
2044 56 1 0.0 15.8446 34.3844 15.645
2045 56 1 0.0 15.8446 28.4756 15.645
2046 56 1 0.0 16.534 29.8944 20.9985
2047 56 1 0.0 16.534 32.9656 20.9985
2048 56 2 0.0 18.1994 31.43 15.1485
2049 56 2 0.0 19.829 33.4774 15.0
2050 56 2 0.0 19.829 29.3826 15.0
2051 56 2 0.0 18.1062 26.94 17.28
2052 56 2 0.0 18.4833 33.1452 17.2305
2053 56 2 0.0 18.504 29.7148 17.2305
2054 56 2 0.0 19.3592 26.94 21.4935
2055 56 2 0.0 17.7296 28.9874 21.642
2057 56 2 0.0 19.4525 31.43 19.362
2058 56 2 0.0 19.0748 28.6552 19.4115
2059 56 2 0.0 19.0541 34.2048 19.4115
2060 56 2 0.0 15.6094 26.94 15.1485
2061 56 2 0.0 17.239 28.9874 15.0
2062 56 2 0.0 17.239 33.8726 15.0
2063 56 2 0.0 20.6962 31.43 17.28
2064 56 2 0.0 15.8933 28.6552 17.2305
2065 56 2 0.0 15.914 34.2048 17.2305
2056 56 2 0.0 16.7692 31.43 21.4935
2066 56 2 0.0 20.3196 33.4774 21.642
2067 56 2 0.0 20.3196 29.3826 21.642
2068 56 2 0.0 16.8625 26.94 19.362
2069 56 2 0.0 16.4848 33.1452 19.4115
2070 56 2 0.0 16.4641 29.7148 19.4115
2071 56 5 0.0 16.5206 26.94 25.8225
2072 56 5 0.0 19.1106 31.43 25.8225
2073 57 3 0.0 20.0741 29.9303 33.321
2074 57 3 0.0 20.0741 32.9297 33.321
2075 57 3 0.0 17.4841 34.4203 33.321
2076 57 3 0.0 17.4841 28.4397 33.321
2077 57 1 0.0 18.4346 29.8944 30.645
2078 57 1 0.0 18.4346 32.9656 30.645
2079 57 1 0.0 19.124 34.3844 35.9985
2080 57 1 0.0 19.124 28.4756 35.9985
2081 57 1 0.0 15.8446 34.3844 30.645
2082 57 1 0.0 15.8446 28.4756 30.645
2083 57 1 0.0 16.534 29.8944 35.9985
2084 57 1 0.0 16.534 32.9656 35.9985
2085 57 2 0.0 18.1994 31.43 30.1485
2086 57 2 0.0 19.829 33.4774 30.0
2087 57 2 0.0 19.829 29.3826 30.0
2088 57 2 0.0 18.1062 26.94 32.28
2089 57 2 0.0 18.4833 33.1452 32.2305
2090 57 2 0.0 18.504 29.7148 32.2305
2091 57 2 0.0 19.3592 26.94 36.4935
2092 57 2 0.0 17.7296 28.9874 36.642
2094 57 2 0.0 19.4525 31.43 34.362
2095 57 2 0.0 19.0748 28.6552 34.4115
2096 57 2 0.0 19.0541 34.2048 34.4115
2097 57 2 0.0 15.6094 26.94 30.1485
2098 57 2 0.0 17.239 28.9874 30.0
2099 57 2 0.0 17.239 33.8726 30.0
2100 57 2 0.0 20.6962 31.43 32.28
2101 57 2 0.0 15.8933 28.6552 32.2305
2102 57 2 0.0 15.914 34.2048 32.2305
2093 57 2 0.0 16.7692 31.43 36.4935
2103 57 2 0.0 20.3196 33.4774 36.642
2104 57 2 0.0 20.3196 29.3826 36.642
2105 57 2 0.0 16.8625 26.94 34.362
2106 57 2 0.0 16.4848 33.1452 34.4115
2107 57 2 0.0 16.4641 29.7148 34.4115
2108 57 5 0.0 16.5206 26.94 40.8225
2109 57 5 0.0 19.1106 31.43 40.8225
2110 58 3 0.0 20.0741 38.9103 3.321
2111 58 3 0.0 20.0741 41.9097 3.321
2112 58 3 0.0 17.4841 43.4003 3.321
2113 58 3 0.0 17.4841 37.4197 3.321
2114 58 1 0.0 18.4346 38.8744 0.645
2115 58 1 0.0 18.4346 41.9456 0.645
2116 58 1 0.0 19.124 43.3644 5.9985
2117 58 1 0.0 19.124 37.4556 5.9985
2118 58 1 0.0 15.8446 43.3644 0.645
2119 58 1 0.0 15.8446 37.4556 0.645
2120 58 1 0.0 16.534 38.8744 5.9985
2121 58 1 0.0 16.534 41.9456 5.9985
2122 58 2 0.0 18.1994 40.41 0.1485
2123 58 2 0.0 19.829 42.4574 0.0
2124 58 2 0.0 19.829 38.3626 0.0
2125 58 2 0.0 18.1062 35.92 2.28
2126 58 2 0.0 18.4833 42.1252 2.2305
2127 58 2 0.0 18.504 38.6948 2.2305
2128 58 2 0.0 19.3592 35.92 6.4935
2129 58 2 0.0 17.7296 37.9674 6.642
2131 58 2 0.0 19.4525 40.41 4.362
2132 58 2 0.0 19.0748 37.6352 4.4115
2133 58 2 0.0 19.0541 43.1848 4.4115
2134 58 2 0.0 15.6094 35.92 0.1485
2135 58 2 0.0 17.239 37.9674 0.0
2136 58 2 0.0 17.239 42.8526 0.0
2137 58 2 0.0 20.6962 40.41 2.28
2138 58 2 0.0 15.8933 37.6352 2.2305
2139 58 2 0.0 15.914 43.1848 2.2305
2130 58 2 0.0 16.7692 40.41 6.4935
2140 58 2 0.0 20.3196 42.4574 6.642
2141 58 2 0.0 20.3196 38.3626 6.642
2142 58 2 0.0 16.8625 35.92 4.362
2143 58 2 0.0 16.4848 42.1252 4.4115
2144 58 2 0.0 16.4641 38.6948 4.4115
2145 58 5 0.0 16.5206 35.92 10.8225
2146 58 5 0.0 19.1106 40.41 10.8225
2147 59 3 0.0 20.0741 38.9103 18.321
2148 59 3 0.0 20.0741 41.9097 18.321
2149 59 3 0.0 17.4841 43.4003 18.321
2150 59 3 0.0 17.4841 37.4197 18.321
2151 59 1 0.0 18.4346 38.8744 15.645
2152 59 1 0.0 18.4346 41.9456 15.645
2153 59 1 0.0 19.124 43.3644 20.9985
2154 59 1 0.0 19.124 37.4556 20.9985
2155 59 1 0.0 15.8446 43.3644 15.645
2156 59 1 0.0 15.8446 37.4556 15.645
2157 59 1 0.0 16.534 38.8744 20.9985
2158 59 1 0.0 16.534 41.9456 20.9985
2159 59 2 0.0 18.1994 40.41 15.1485
2160 59 2 0.0 19.829 42.4574 15.0
2161 59 2 0.0 19.829 38.3626 15.0
2162 59 2 0.0 18.1062 35.92 17.28
2163 59 2 0.0 18.4833 42.1252 17.2305
2164 59 2 0.0 18.504 38.6948 17.2305
2165 59 2 0.0 19.3592 35.92 21.4935
2166 59 2 0.0 17.7296 37.9674 21.642
2168 59 2 0.0 19.4525 40.41 19.362
2169 59 2 0.0 19.0748 37.6352 19.4115
2170 59 2 0.0 19.0541 43.1848 19.4115
2171 59 2 0.0 15.6094 35.92 15.1485
2172 59 2 0.0 17.239 37.9674 15.0
2173 59 2 0.0 17.239 42.8526 15.0
2174 59 2 0.0 20.6962 40.41 17.28
2175 59 2 0.0 15.8933 37.6352 17.2305
2176 59 2 0.0 15.914 43.1848 17.2305
2167 59 2 0.0 16.7692 40.41 21.4935
2177 59 2 0.0 20.3196 42.4574 21.642
2178 59 2 0.0 20.3196 38.3626 21.642
2179 59 2 0.0 16.8625 35.92 19.362
2180 59 2 0.0 16.4848 42.1252 19.4115
2181 59 2 0.0 16.4641 38.6948 19.4115
2182 59 5 0.0 16.5206 35.92 25.8225
2183 59 5 0.0 19.1106 40.41 25.8225
2184 60 3 0.0 20.0741 38.9103 33.321
2185 60 3 0.0 20.0741 41.9097 33.321
2186 60 3 0.0 17.4841 43.4003 33.321
2187 60 3 0.0 17.4841 37.4197 33.321
2188 60 1 0.0 18.4346 38.8744 30.645
2189 60 1 0.0 18.4346 41.9456 30.645
2190 60 1 0.0 19.124 43.3644 35.9985
2191 60 1 0.0 19.124 37.4556 35.9985
2192 60 1 0.0 15.8446 43.3644 30.645
2193 60 1 0.0 15.8446 37.4556 30.645
2194 60 1 0.0 16.534 38.8744 35.9985
2195 60 1 0.0 16.534 41.9456 35.9985
2196 60 2 0.0 18.1994 40.41 30.1485
2197 60 2 0.0 19.829 42.4574 30.0
2198 60 2 0.0 19.829 38.3626 30.0
2199 60 2 0.0 18.1062 35.92 32.28
2200 60 2 0.0 18.4833 42.1252 32.2305
2201 60 2 0.0 18.504 38.6948 32.2305
2202 60 2 0.0 19.3592 35.92 36.4935
2203 60 2 0.0 17.7296 37.9674 36.642
2205 60 2 0.0 19.4525 40.41 34.362
2206 60 2 0.0 19.0748 37.6352 34.4115
2207 60 2 0.0 19.0541 43.1848 34.4115
2208 60 2 0.0 15.6094 35.92 30.1485
2209 60 2 0.0 17.239 37.9674 30.0
2210 60 2 0.0 17.239 42.8526 30.0
2211 60 2 0.0 20.6962 40.41 32.28
2212 60 2 0.0 15.8933 37.6352 32.2305
2213 60 2 0.0 15.914 43.1848 32.2305
2204 60 2 0.0 16.7692 40.41 36.4935
2214 60 2 0.0 20.3196 42.4574 36.642
2215 60 2 0.0 20.3196 38.3626 36.642
2216 60 2 0.0 16.8625 35.92 34.362
2217 60 2 0.0 16.4848 42.1252 34.4115
2218 60 2 0.0 16.4641 38.6948 34.4115
2219 60 5 0.0 16.5206 35.92 40.8225
2220 60 5 0.0 19.1106 40.41 40.8225
2221 61 3 0.0 25.2541 2.9903 3.321
2222 61 3 0.0 25.2541 5.9897 3.321
2223 61 3 0.0 22.6641 7.4803 3.321
2224 61 3 0.0 22.6641 1.4997 3.321
2225 61 1 0.0 23.6146 2.9544 0.645
2226 61 1 0.0 23.6146 6.0256 0.645
2227 61 1 0.0 24.304 7.4444 5.9985
2228 61 1 0.0 24.304 1.5356 5.9985
2229 61 1 0.0 21.0246 7.4444 0.645
2230 61 1 0.0 21.0246 1.5356 0.645
2231 61 1 0.0 21.714 2.9544 5.9985
2232 61 1 0.0 21.714 6.0256 5.9985
2233 61 2 0.0 23.3794 4.49 0.1485
2234 61 2 0.0 25.009 6.5374 0.0
2235 61 2 0.0 25.009 2.4426 0.0
2236 61 2 0.0 23.2862 0.0 2.28
2237 61 2 0.0 23.6633 6.2052 2.2305
2238 61 2 0.0 23.684 2.7748 2.2305
2239 61 2 0.0 24.5392 0.0 6.4935
2240 61 2 0.0 22.9096 2.0474 6.642
2242 61 2 0.0 24.6325 4.49 4.362
2243 61 2 0.0 24.2548 1.7152 4.4115
2244 61 2 0.0 24.2341 7.2648 4.4115
2245 61 2 0.0 20.7894 0.0 0.1485
2246 61 2 0.0 22.419 2.0474 0.0
2247 61 2 0.0 22.419 6.9326 0.0
2248 61 2 0.0 25.8762 4.49 2.28
2249 61 2 0.0 21.0733 1.7152 2.2305
2250 61 2 0.0 21.094 7.2648 2.2305
2241 61 2 0.0 21.9492 4.49 6.4935
2251 61 2 0.0 25.4996 6.5374 6.642
2252 61 2 0.0 25.4996 2.4426 6.642
2253 61 2 0.0 22.0425 0.0 4.362
2254 61 2 0.0 21.6648 6.2052 4.4115
2255 61 2 0.0 21.6441 2.7748 4.4115
2256 61 5 0.0 21.7006 0.0 10.8225
2257 61 5 0.0 24.2906 4.49 10.8225
2258 62 3 0.0 25.2541 2.9903 18.321
2259 62 3 0.0 25.2541 5.9897 18.321
2260 62 3 0.0 22.6641 7.4803 18.321
2261 62 3 0.0 22.6641 1.4997 18.321
2262 62 1 0.0 23.6146 2.9544 15.645
2263 62 1 0.0 23.6146 6.0256 15.645
2264 62 1 0.0 24.304 7.4444 20.9985
2265 62 1 0.0 24.304 1.5356 20.9985
2266 62 1 0.0 21.0246 7.4444 15.645
2267 62 1 0.0 21.0246 1.5356 15.645
2268 62 1 0.0 21.714 2.9544 20.9985
2269 62 1 0.0 21.714 6.0256 20.9985
2270 62 2 0.0 23.3794 4.49 15.1485
2271 62 2 0.0 25.009 6.5374 15.0
2272 62 2 0.0 25.009 2.4426 15.0
2273 62 2 0.0 23.2862 0.0 17.28
2274 62 2 0.0 23.6633 6.2052 17.2305
2275 62 2 0.0 23.684 2.7748 17.2305
2276 62 2 0.0 24.5392 0.0 21.4935
2277 62 2 0.0 22.9096 2.0474 21.642
2279 62 2 0.0 24.6325 4.49 19.362
2280 62 2 0.0 24.2548 1.7152 19.4115
2281 62 2 0.0 24.2341 7.2648 19.4115
2282 62 2 0.0 20.7894 0.0 15.1485
2283 62 2 0.0 22.419 2.0474 15.0
2284 62 2 0.0 22.419 6.9326 15.0
2285 62 2 0.0 25.8762 4.49 17.28
2286 62 2 0.0 21.0733 1.7152 17.2305
2287 62 2 0.0 21.094 7.2648 17.2305
2278 62 2 0.0 21.9492 4.49 21.4935
2288 62 2 0.0 25.4996 6.5374 21.642
2289 62 2 0.0 25.4996 2.4426 21.642
2290 62 2 0.0 22.0425 0.0 19.362
2291 62 2 0.0 21.6648 6.2052 19.4115
2292 62 2 0.0 21.6441 2.7748 19.4115
2293 62 5 0.0 21.7006 0.0 25.8225
2294 62 5 0.0 24.2906 4.49 25.8225
2295 63 3 0.0 25.2541 2.9903 33.321
2296 63 3 0.0 25.2541 5.9897 33.321
2297 63 3 0.0 22.6641 7.4803 33.321
2298 63 3 0.0 22.6641 1.4997 33.321
2299 63 1 0.0 23.6146 2.9544 30.645
2300 63 1 0.0 23.6146 6.0256 30.645
2301 63 1 0.0 24.304 7.4444 35.9985
2302 63 1 0.0 24.304 1.5356 35.9985
2303 63 1 0.0 21.0246 7.4444 30.645
2304 63 1 0.0 21.0246 1.5356 30.645
2305 63 1 0.0 21.714 2.9544 35.9985
2306 63 1 0.0 21.714 6.0256 35.9985
2307 63 2 0.0 23.3794 4.49 30.1485
2308 63 2 0.0 25.009 6.5374 30.0
2309 63 2 0.0 25.009 2.4426 30.0
2310 63 2 0.0 23.2862 0.0 32.28
2311 63 2 0.0 23.6633 6.2052 32.2305
2312 63 2 0.0 23.684 2.7748 32.2305
2313 63 2 0.0 24.5392 0.0 36.4935
2314 63 2 0.0 22.9096 2.0474 36.642
2316 63 2 0.0 24.6325 4.49 34.362
2317 63 2 0.0 24.2548 1.7152 34.4115
2318 63 2 0.0 24.2341 7.2648 34.4115
2319 63 2 0.0 20.7894 0.0 30.1485
2320 63 2 0.0 22.419 2.0474 30.0
2321 63 2 0.0 22.419 6.9326 30.0
2322 63 2 0.0 25.8762 4.49 32.28
2323 63 2 0.0 21.0733 1.7152 32.2305
2324 63 2 0.0 21.094 7.2648 32.2305
2315 63 2 0.0 21.9492 4.49 36.4935
2325 63 2 0.0 25.4996 6.5374 36.642
2326 63 2 0.0 25.4996 2.4426 36.642
2327 63 2 0.0 22.0425 0.0 34.362
2328 63 2 0.0 21.6648 6.2052 34.4115
2329 63 2 0.0 21.6441 2.7748 34.4115
2330 63 5 0.0 21.7006 0.0 40.8225
2331 63 5 0.0 24.2906 4.49 40.8225
2332 64 3 0.0 25.2541 11.9703 3.321
2333 64 3 0.0 25.2541 14.9697 3.321
2334 64 3 0.0 22.6641 16.4603 3.321
2335 64 3 0.0 22.6641 10.4797 3.321
2336 64 1 0.0 23.6146 11.9344 0.645
2337 64 1 0.0 23.6146 15.0056 0.645
2338 64 1 0.0 24.304 16.4244 5.9985
2339 64 1 0.0 24.304 10.5156 5.9985
2340 64 1 0.0 21.0246 16.4244 0.645
2341 64 1 0.0 21.0246 10.5156 0.645
2342 64 1 0.0 21.714 11.9344 5.9985
2343 64 1 0.0 21.714 15.0056 5.9985
2344 64 2 0.0 23.3794 13.47 0.1485
2345 64 2 0.0 25.009 15.5174 0.0
2346 64 2 0.0 25.009 11.4226 0.0
2347 64 2 0.0 23.2862 8.98 2.28
2348 64 2 0.0 23.6633 15.1852 2.2305
2349 64 2 0.0 23.684 11.7548 2.2305
2350 64 2 0.0 24.5392 8.98 6.4935
2351 64 2 0.0 22.9096 11.0274 6.642
2353 64 2 0.0 24.6325 13.47 4.362
2354 64 2 0.0 24.2548 10.6952 4.4115
2355 64 2 0.0 24.2341 16.2448 4.4115
2356 64 2 0.0 20.7894 8.98 0.1485
2357 64 2 0.0 22.419 11.0274 0.0
2358 64 2 0.0 22.419 15.9126 0.0
2359 64 2 0.0 25.8762 13.47 2.28
2360 64 2 0.0 21.0733 10.6952 2.2305
2361 64 2 0.0 21.094 16.2448 2.2305
2352 64 2 0.0 21.9492 13.47 6.4935
2362 64 2 0.0 25.4996 15.5174 6.642
2363 64 2 0.0 25.4996 11.4226 6.642
2364 64 2 0.0 22.0425 8.98 4.362
2365 64 2 0.0 21.6648 15.1852 4.4115
2366 64 2 0.0 21.6441 11.7548 4.4115
2367 64 5 0.0 21.7006 8.98 10.8225
2368 64 5 0.0 24.2906 13.47 10.8225
2369 65 3 0.0 25.2541 11.9703 18.321
2370 65 3 0.0 25.2541 14.9697 18.321
2371 65 3 0.0 22.6641 16.4603 18.321
2372 65 3 0.0 22.6641 10.4797 18.321
2373 65 1 0.0 23.6146 11.9344 15.645
2374 65 1 0.0 23.6146 15.0056 15.645
2375 65 1 0.0 24.304 16.4244 20.9985
2376 65 1 0.0 24.304 10.5156 20.9985
2377 65 1 0.0 21.0246 16.4244 15.645
2378 65 1 0.0 21.0246 10.5156 15.645
2379 65 1 0.0 21.714 11.9344 20.9985
2380 65 1 0.0 21.714 15.0056 20.9985
2381 65 2 0.0 23.3794 13.47 15.1485
2382 65 2 0.0 25.009 15.5174 15.0
2383 65 2 0.0 25.009 11.4226 15.0
2384 65 2 0.0 23.2862 8.98 17.28
2385 65 2 0.0 23.6633 15.1852 17.2305
2386 65 2 0.0 23.684 11.7548 17.2305
2387 65 2 0.0 24.5392 8.98 21.4935
2388 65 2 0.0 22.9096 11.0274 21.642
2390 65 2 0.0 24.6325 13.47 19.362
2391 65 2 0.0 24.2548 10.6952 19.4115
2392 65 2 0.0 24.2341 16.2448 19.4115
2393 65 2 0.0 20.7894 8.98 15.1485
2394 65 2 0.0 22.419 11.0274 15.0
2395 65 2 0.0 22.419 15.9126 15.0
2396 65 2 0.0 25.8762 13.47 17.28
2397 65 2 0.0 21.0733 10.6952 17.2305
2398 65 2 0.0 21.094 16.2448 17.2305
2389 65 2 0.0 21.9492 13.47 21.4935
2399 65 2 0.0 25.4996 15.5174 21.642
2400 65 2 0.0 25.4996 11.4226 21.642
2401 65 2 0.0 22.0425 8.98 19.362
2402 65 2 0.0 21.6648 15.1852 19.4115
2403 65 2 0.0 21.6441 11.7548 19.4115
2404 65 5 0.0 21.7006 8.98 25.8225
2405 65 5 0.0 24.2906 13.47 25.8225
2406 66 3 0.0 25.2541 11.9703 33.321
2407 66 3 0.0 25.2541 14.9697 33.321
2408 66 3 0.0 22.6641 16.4603 33.321
2409 66 3 0.0 22.6641 10.4797 33.321
2410 66 1 0.0 23.6146 11.9344 30.645
2411 66 1 0.0 23.6146 15.0056 30.645
2412 66 1 0.0 24.304 16.4244 35.9985
2413 66 1 0.0 24.304 10.5156 35.9985
2414 66 1 0.0 21.0246 16.4244 30.645
2415 66 1 0.0 21.0246 10.5156 30.645
2416 66 1 0.0 21.714 11.9344 35.9985
2417 66 1 0.0 21.714 15.0056 35.9985
2418 66 2 0.0 23.3794 13.47 30.1485
2419 66 2 0.0 25.009 15.5174 30.0
2420 66 2 0.0 25.009 11.4226 30.0
2421 66 2 0.0 23.2862 8.98 32.28
2422 66 2 0.0 23.6633 15.1852 32.2305
2423 66 2 0.0 23.684 11.7548 32.2305
2424 66 2 0.0 24.5392 8.98 36.4935
2425 66 2 0.0 22.9096 11.0274 36.642
2427 66 2 0.0 24.6325 13.47 34.362
2428 66 2 0.0 24.2548 10.6952 34.4115
2429 66 2 0.0 24.2341 16.2448 34.4115
2430 66 2 0.0 20.7894 8.98 30.1485
2431 66 2 0.0 22.419 11.0274 30.0
2432 66 2 0.0 22.419 15.9126 30.0
2433 66 2 0.0 25.8762 13.47 32.28
2434 66 2 0.0 21.0733 10.6952 32.2305
2435 66 2 0.0 21.094 16.2448 32.2305
2426 66 2 0.0 21.9492 13.47 36.4935
2436 66 2 0.0 25.4996 15.5174 36.642
2437 66 2 0.0 25.4996 11.4226 36.642
2438 66 2 0.0 22.0425 8.98 34.362
2439 66 2 0.0 21.6648 15.1852 34.4115
2440 66 2 0.0 21.6441 11.7548 34.4115
2441 66 5 0.0 21.7006 8.98 40.8225
2442 66 5 0.0 24.2906 13.47 40.8225
2443 67 3 0.0 25.2541 20.9503 3.321
2444 67 3 0.0 25.2541 23.9497 3.321
2445 67 3 0.0 22.6641 25.4403 3.321
2446 67 3 0.0 22.6641 19.4597 3.321
2447 67 1 0.0 23.6146 20.9144 0.645
2448 67 1 0.0 23.6146 23.9856 0.645
2449 67 1 0.0 24.304 25.4044 5.9985
2450 67 1 0.0 24.304 19.4956 5.9985
2451 67 1 0.0 21.0246 25.4044 0.645
2452 67 1 0.0 21.0246 19.4956 0.645
2453 67 1 0.0 21.714 20.9144 5.9985
2454 67 1 0.0 21.714 23.9856 5.9985
2455 67 2 0.0 23.3794 22.45 0.1485
2456 67 2 0.0 25.009 24.4974 0.0
2457 67 2 0.0 25.009 20.4026 0.0
2458 67 2 0.0 23.2862 17.96 2.28
2459 67 2 0.0 23.6633 24.1652 2.2305
2460 67 2 0.0 23.684 20.7348 2.2305
2461 67 2 0.0 24.5392 17.96 6.4935
2462 67 2 0.0 22.9096 20.0074 6.642
2464 67 2 0.0 24.6325 22.45 4.362
2465 67 2 0.0 24.2548 19.6752 4.4115
2466 67 2 0.0 24.2341 25.2248 4.4115
2467 67 2 0.0 20.7894 17.96 0.1485
2468 67 2 0.0 22.419 20.0074 0.0
2469 67 2 0.0 22.419 24.8926 0.0
2470 67 2 0.0 25.8762 22.45 2.28
2471 67 2 0.0 21.0733 19.6752 2.2305
2472 67 2 0.0 21.094 25.2248 2.2305
2463 67 2 0.0 21.9492 22.45 6.4935
2473 67 2 0.0 25.4996 24.4974 6.642
2474 67 2 0.0 25.4996 20.4026 6.642
2475 67 2 0.0 22.0425 17.96 4.362
2476 67 2 0.0 21.6648 24.1652 4.4115
2477 67 2 0.0 21.6441 20.7348 4.4115
2478 67 5 0.0 21.7006 17.96 10.8225
2479 67 5 0.0 24.2906 22.45 10.8225
2480 68 3 0.0 25.2541 20.9503 18.321
2481 68 3 0.0 25.2541 23.9497 18.321
2482 68 3 0.0 22.6641 25.4403 18.321
2483 68 3 0.0 22.6641 19.4597 18.321
2484 68 1 0.0 23.6146 20.9144 15.645
2485 68 1 0.0 23.6146 23.9856 15.645
2486 68 1 0.0 24.304 25.4044 20.9985
2487 68 1 0.0 24.304 19.4956 20.9985
2488 68 1 0.0 21.0246 25.4044 15.645
2489 68 1 0.0 21.0246 19.4956 15.645
2490 68 1 0.0 21.714 20.9144 20.9985
2491 68 1 0.0 21.714 23.9856 20.9985
2492 68 2 0.0 23.3794 22.45 15.1485
2493 68 2 0.0 25.009 24.4974 15.0
2494 68 2 0.0 25.009 20.4026 15.0
2495 68 2 0.0 23.2862 17.96 17.28
2496 68 2 0.0 23.6633 24.1652 17.2305
2497 68 2 0.0 23.684 20.7348 17.2305
2498 68 2 0.0 24.5392 17.96 21.4935
2499 68 2 0.0 22.9096 20.0074 21.642
2501 68 2 0.0 24.6325 22.45 19.362
2502 68 2 0.0 24.2548 19.6752 19.4115
2503 68 2 0.0 24.2341 25.2248 19.4115
2504 68 2 0.0 20.7894 17.96 15.1485
2505 68 2 0.0 22.419 20.0074 15.0
2506 68 2 0.0 22.419 24.8926 15.0
2507 68 2 0.0 25.8762 22.45 17.28
2508 68 2 0.0 21.0733 19.6752 17.2305
2509 68 2 0.0 21.094 25.2248 17.2305
2500 68 2 0.0 21.9492 22.45 21.4935
2510 68 2 0.0 25.4996 24.4974 21.642
2511 68 2 0.0 25.4996 20.4026 21.642
2512 68 2 0.0 22.0425 17.96 19.362
2513 68 2 0.0 21.6648 24.1652 19.4115
2514 68 2 0.0 21.6441 20.7348 19.4115
2515 68 5 0.0 21.7006 17.96 25.8225
2516 68 5 0.0 24.2906 22.45 25.8225
2517 69 3 0.0 25.2541 20.9503 33.321
2518 69 3 0.0 25.2541 23.9497 33.321
2519 69 3 0.0 22.6641 25.4403 33.321
2520 69 3 0.0 22.6641 19.4597 33.321
2521 69 1 0.0 23.6146 20.9144 30.645
2522 69 1 0.0 23.6146 23.9856 30.645
2523 69 1 0.0 24.304 25.4044 35.9985
2524 69 1 0.0 24.304 19.4956 35.9985
2525 69 1 0.0 21.0246 25.4044 30.645
2526 69 1 0.0 21.0246 19.4956 30.645
2527 69 1 0.0 21.714 20.9144 35.9985
2528 69 1 0.0 21.714 23.9856 35.9985
2529 69 2 0.0 23.3794 22.45 30.1485
2530 69 2 0.0 25.009 24.4974 30.0
2531 69 2 0.0 25.009 20.4026 30.0
2532 69 2 0.0 23.2862 17.96 32.28
2533 69 2 0.0 23.6633 24.1652 32.2305
2534 69 2 0.0 23.684 20.7348 32.2305
2535 69 2 0.0 24.5392 17.96 36.4935
2536 69 2 0.0 22.9096 20.0074 36.642
2538 69 2 0.0 24.6325 22.45 34.362
2539 69 2 0.0 24.2548 19.6752 34.4115
2540 69 2 0.0 24.2341 25.2248 34.4115
2541 69 2 0.0 20.7894 17.96 30.1485
2542 69 2 0.0 22.419 20.0074 30.0
2543 69 2 0.0 22.419 24.8926 30.0
2544 69 2 0.0 25.8762 22.45 32.28
2545 69 2 0.0 21.0733 19.6752 32.2305
2546 69 2 0.0 21.094 25.2248 32.2305
2537 69 2 0.0 21.9492 22.45 36.4935
2547 69 2 0.0 25.4996 24.4974 36.642
2548 69 2 0.0 25.4996 20.4026 36.642
2549 69 2 0.0 22.0425 17.96 34.362
2550 69 2 0.0 21.6648 24.1652 34.4115
2551 69 2 0.0 21.6441 20.7348 34.4115
2552 69 5 0.0 21.7006 17.96 40.8225
2553 69 5 0.0 24.2906 22.45 40.8225
2554 70 3 0.0 25.2541 29.9303 3.321
2555 70 3 0.0 25.2541 32.9297 3.321
2556 70 3 0.0 22.6641 34.4203 3.321
2557 70 3 0.0 22.6641 28.4397 3.321
2558 70 1 0.0 23.6146 29.8944 0.645
2559 70 1 0.0 23.6146 32.9656 0.645
2560 70 1 0.0 24.304 34.3844 5.9985
2561 70 1 0.0 24.304 28.4756 5.9985
2562 70 1 0.0 21.0246 34.3844 0.645
2563 70 1 0.0 21.0246 28.4756 0.645
2564 70 1 0.0 21.714 29.8944 5.9985
2565 70 1 0.0 21.714 32.9656 5.9985
2566 70 2 0.0 23.3794 31.43 0.1485
2567 70 2 0.0 25.009 33.4774 0.0
2568 70 2 0.0 25.009 29.3826 0.0
2569 70 2 0.0 23.2862 26.94 2.28
2570 70 2 0.0 23.6633 33.1452 2.2305
2571 70 2 0.0 23.684 29.7148 2.2305
2572 70 2 0.0 24.5392 26.94 6.4935
2573 70 2 0.0 22.9096 28.9874 6.642
2575 70 2 0.0 24.6325 31.43 4.362
2576 70 2 0.0 24.2548 28.6552 4.4115
2577 70 2 0.0 24.2341 34.2048 4.4115
2578 70 2 0.0 20.7894 26.94 0.1485
2579 70 2 0.0 22.419 28.9874 0.0
2580 70 2 0.0 22.419 33.8726 0.0
2581 70 2 0.0 25.8762 31.43 2.28
2582 70 2 0.0 21.0733 28.6552 2.2305
2583 70 2 0.0 21.094 34.2048 2.2305
2574 70 2 0.0 21.9492 31.43 6.4935
2584 70 2 0.0 25.4996 33.4774 6.642
2585 70 2 0.0 25.4996 29.3826 6.642
2586 70 2 0.0 22.0425 26.94 4.362
2587 70 2 0.0 21.6648 33.1452 4.4115
2588 70 2 0.0 21.6441 29.7148 4.4115
2589 70 5 0.0 21.7006 26.94 10.8225
2590 70 5 0.0 24.2906 31.43 10.8225
2591 71 3 0.0 25.2541 29.9303 18.321
2592 71 3 0.0 25.2541 32.9297 18.321
2593 71 3 0.0 22.6641 34.4203 18.321
2594 71 3 0.0 22.6641 28.4397 18.321
2595 71 1 0.0 23.6146 29.8944 15.645
2596 71 1 0.0 23.6146 32.9656 15.645
2597 71 1 0.0 24.304 34.3844 20.9985
2598 71 1 0.0 24.304 28.4756 20.9985
2599 71 1 0.0 21.0246 34.3844 15.645
2600 71 1 0.0 21.0246 28.4756 15.645
2601 71 1 0.0 21.714 29.8944 20.9985
2602 71 1 0.0 21.714 32.9656 20.9985
2603 71 2 0.0 23.3794 31.43 15.1485
2604 71 2 0.0 25.009 33.4774 15.0
2605 71 2 0.0 25.009 29.3826 15.0
2606 71 2 0.0 23.2862 26.94 17.28
2607 71 2 0.0 23.6633 33.1452 17.2305
2608 71 2 0.0 23.684 29.7148 17.2305
2609 71 2 0.0 24.5392 26.94 21.4935
2610 71 2 0.0 22.9096 28.9874 21.642
2612 71 2 0.0 24.6325 31.43 19.362
2613 71 2 0.0 24.2548 28.6552 19.4115
2614 71 2 0.0 24.2341 34.2048 19.4115
2615 71 2 0.0 20.7894 26.94 15.1485
2616 71 2 0.0 22.419 28.9874 15.0
2617 71 2 0.0 22.419 33.8726 15.0
2618 71 2 0.0 25.8762 31.43 17.28
2619 71 2 0.0 21.0733 28.6552 17.2305
2620 71 2 0.0 21.094 34.2048 17.2305
2611 71 2 0.0 21.9492 31.43 21.4935
2621 71 2 0.0 25.4996 33.4774 21.642
2622 71 2 0.0 25.4996 29.3826 21.642
2623 71 2 0.0 22.0425 26.94 19.362
2624 71 2 0.0 21.6648 33.1452 19.4115
2625 71 2 0.0 21.6441 29.7148 19.4115
2626 71 5 0.0 21.7006 26.94 25.8225
2627 71 5 0.0 24.2906 31.43 25.8225
2628 72 3 0.0 25.2541 29.9303 33.321
2629 72 3 0.0 25.2541 32.9297 33.321
2630 72 3 0.0 22.6641 34.4203 33.321
2631 72 3 0.0 22.6641 28.4397 33.321
2632 72 1 0.0 23.6146 29.8944 30.645
2633 72 1 0.0 23.6146 32.9656 30.645
2634 72 1 0.0 24.304 34.3844 35.9985
2635 72 1 0.0 24.304 28.4756 35.9985
2636 72 1 0.0 21.0246 34.3844 30.645
2637 72 1 0.0 21.0246 28.4756 30.645
2638 72 1 0.0 21.714 29.8944 35.9985
2639 72 1 0.0 21.714 32.9656 35.9985
2640 72 2 0.0 23.3794 31.43 30.1485
2641 72 2 0.0 25.009 33.4774 30.0
2642 72 2 0.0 25.009 29.3826 30.0
2643 72 2 0.0 23.2862 26.94 32.28
2644 72 2 0.0 23.6633 33.1452 32.2305
2645 72 2 0.0 23.684 29.7148 32.2305
2646 72 2 0.0 24.5392 26.94 36.4935
2647 72 2 0.0 22.9096 28.9874 36.642
2649 72 2 0.0 24.6325 31.43 34.362
2650 72 2 0.0 24.2548 28.6552 34.4115
2651 72 2 0.0 24.2341 34.2048 34.4115
2652 72 2 0.0 20.7894 26.94 30.1485
2653 72 2 0.0 22.419 28.9874 30.0
2654 72 2 0.0 22.419 33.8726 30.0
2655 72 2 0.0 25.8762 31.43 32.28
2656 72 2 0.0 21.0733 28.6552 32.2305
2657 72 2 0.0 21.094 34.2048 32.2305
2648 72 2 0.0 21.9492 31.43 36.4935
2658 72 2 0.0 25.4996 33.4774 36.642
2659 72 2 0.0 25.4996 29.3826 36.642
2660 72 2 0.0 22.0425 26.94 34.362
2661 72 2 0.0 21.6648 33.1452 34.4115
2662 72 2 0.0 21.6441 29.7148 34.4115
2663 72 5 0.0 21.7006 26.94 40.8225
2664 72 5 0.0 24.2906 31.43 40.8225
2665 73 3 0.0 25.2541 38.9103 3.321
2666 73 3 0.0 25.2541 41.9097 3.321
2667 73 3 0.0 22.6641 43.4003 3.321
2668 73 3 0.0 22.6641 37.4197 3.321
2669 73 1 0.0 23.6146 38.8744 0.645
2670 73 1 0.0 23.6146 41.9456 0.645
2671 73 1 0.0 24.304 43.3644 5.9985
2672 73 1 0.0 24.304 37.4556 5.9985
2673 73 1 0.0 21.0246 43.3644 0.645
2674 73 1 0.0 21.0246 37.4556 0.645
2675 73 1 0.0 21.714 38.8744 5.9985
2676 73 1 0.0 21.714 41.9456 5.9985
2677 73 2 0.0 23.3794 40.41 0.1485
2678 73 2 0.0 25.009 42.4574 0.0
2679 73 2 0.0 25.009 38.3626 0.0
2680 73 2 0.0 23.2862 35.92 2.28
2681 73 2 0.0 23.6633 42.1252 2.2305
2682 73 2 0.0 23.684 38.6948 2.2305
2683 73 2 0.0 24.5392 35.92 6.4935
2684 73 2 0.0 22.9096 37.9674 6.642
2686 73 2 0.0 24.6325 40.41 4.362
2687 73 2 0.0 24.2548 37.6352 4.4115
2688 73 2 0.0 24.2341 43.1848 4.4115
2689 73 2 0.0 20.7894 35.92 0.1485
2690 73 2 0.0 22.419 37.9674 0.0
2691 73 2 0.0 22.419 42.8526 0.0
2692 73 2 0.0 25.8762 40.41 2.28
2693 73 2 0.0 21.0733 37.6352 2.2305
2694 73 2 0.0 21.094 43.1848 2.2305
2685 73 2 0.0 21.9492 40.41 6.4935
2695 73 2 0.0 25.4996 42.4574 6.642
2696 73 2 0.0 25.4996 38.3626 6.642
2697 73 2 0.0 22.0425 35.92 4.362
2698 73 2 0.0 21.6648 42.1252 4.4115
2699 73 2 0.0 21.6441 38.6948 4.4115
2700 73 5 0.0 21.7006 35.92 10.8225
2701 73 5 0.0 24.2906 40.41 10.8225
2702 74 3 0.0 25.2541 38.9103 18.321
2703 74 3 0.0 25.2541 41.9097 18.321
2704 74 3 0.0 22.6641 43.4003 18.321
2705 74 3 0.0 22.6641 37.4197 18.321
2706 74 1 0.0 23.6146 38.8744 15.645
2707 74 1 0.0 23.6146 41.9456 15.645
2708 74 1 0.0 24.304 43.3644 20.9985
2709 74 1 0.0 24.304 37.4556 20.9985
2710 74 1 0.0 21.0246 43.3644 15.645
2711 74 1 0.0 21.0246 37.4556 15.645
2712 74 1 0.0 21.714 38.8744 20.9985
2713 74 1 0.0 21.714 41.9456 20.9985
2714 74 2 0.0 23.3794 40.41 15.1485
2715 74 2 0.0 25.009 42.4574 15.0
2716 74 2 0.0 25.009 38.3626 15.0
2717 74 2 0.0 23.2862 35.92 17.28
2718 74 2 0.0 23.6633 42.1252 17.2305
2719 74 2 0.0 23.684 38.6948 17.2305
2720 74 2 0.0 24.5392 35.92 21.4935
2721 74 2 0.0 22.9096 37.9674 21.642
2723 74 2 0.0 24.6325 40.41 19.362
2724 74 2 0.0 24.2548 37.6352 19.4115
2725 74 2 0.0 24.2341 43.1848 19.4115
2726 74 2 0.0 20.7894 35.92 15.1485
2727 74 2 0.0 22.419 37.9674 15.0
2728 74 2 0.0 22.419 42.8526 15.0
2729 74 2 0.0 25.8762 40.41 17.28
2730 74 2 0.0 21.0733 37.6352 17.2305
2731 74 2 0.0 21.094 43.1848 17.2305
2722 74 2 0.0 21.9492 40.41 21.4935
2732 74 2 0.0 25.4996 42.4574 21.642
2733 74 2 0.0 25.4996 38.3626 21.642
2734 74 2 0.0 22.0425 35.92 19.362
2735 74 2 0.0 21.6648 42.1252 19.4115
2736 74 2 0.0 21.6441 38.6948 19.4115
2737 74 5 0.0 21.7006 35.92 25.8225
2738 74 5 0.0 24.2906 40.41 25.8225
2739 75 3 0.0 25.2541 38.9103 33.321
2740 75 3 0.0 25.2541 41.9097 33.321
2741 75 3 0.0 22.6641 43.4003 33.321
2742 75 3 0.0 22.6641 37.4197 33.321
2743 75 1 0.0 23.6146 38.8744 30.645
2744 75 1 0.0 23.6146 41.9456 30.645
2745 75 1 0.0 24.304 43.3644 35.9985
2746 75 1 0.0 24.304 37.4556 35.9985
2747 75 1 0.0 21.0246 43.3644 30.645
2748 75 1 0.0 21.0246 37.4556 30.645
2749 75 1 0.0 21.714 38.8744 35.9985
2750 75 1 0.0 21.714 41.9456 35.9985
2751 75 2 0.0 23.3794 40.41 30.1485
2752 75 2 0.0 25.009 42.4574 30.0
2753 75 2 0.0 25.009 38.3626 30.0
2754 75 2 0.0 23.2862 35.92 32.28
2755 75 2 0.0 23.6633 42.1252 32.2305
2756 75 2 0.0 23.684 38.6948 32.2305
2757 75 2 0.0 24.5392 35.92 36.4935
2758 75 2 0.0 22.9096 37.9674 36.642
2760 75 2 0.0 24.6325 40.41 34.362
2761 75 2 0.0 24.2548 37.6352 34.4115
2762 75 2 0.0 24.2341 43.1848 34.4115
2763 75 2 0.0 20.7894 35.92 30.1485
2764 75 2 0.0 22.419 37.9674 30.0
2765 75 2 0.0 22.419 42.8526 30.0
2766 75 2 0.0 25.8762 40.41 32.28
2767 75 2 0.0 21.0733 37.6352 32.2305
2768 75 2 0.0 21.094 43.1848 32.2305
2759 75 2 0.0 21.9492 40.41 36.4935
2769 75 2 0.0 25.4996 42.4574 36.642
2770 75 2 0.0 25.4996 38.3626 36.642
2771 75 2 0.0 22.0425 35.92 34.362
2772 75 2 0.0 21.6648 42.1252 34.4115
2773 75 2 0.0 21.6441 38.6948 34.4115
2774 75 5 0.0 21.7006 35.92 40.8225
2775 75 5 0.0 24.2906 40.41 40.8225

